200 256 2

0000000000000000
0000000000000000
0000000000000000
0000000010000000
0000000110000000
0000000010000000
0000000010000000
0000000010000000
0000000010000000
0000000010000000
0000000010000000
0000001111000000
0000001111000000
0000000000000000
0000000000000000
0000000000000000

one

0000000000000000
0000000000000000
0000000000000000
0000000000000000
0000000000000000
0111111111111110
0111000000001110
0111000000011110
0111000000001110
0111000000001110
0111111111111110
0000000010000000
0000000000000000
0000000000000000
0000000000000000
0000000000000000

zero

0000000000000000
0000000000000000
0000000000000000
0000000000000000
0000000000000000
0000000000000000
0000000010000000
0000000010000000
0000000010000000
0000000010000000
0000000110000000
0000000000000000
0000000000000000
0000000000000000
0000000000000000
0000000000000000

one

0000000000000000
0000000000000000
0000000000000000
0000000000000000
0000000000000000
0000111111110000
0000110000110000
0000110000010000
0000110000010000
0000110000010000
0000111111110000
0000000000000000
0000000000000000
0000000000000000
0000000000000000
0000000000000000

zero

0000000000000000
0000000000000000
0000000000000000
0000000000000000
0000000011111000
0000000111110000
0000000100010000
0000001000100000
0000001000100000
0000001000100000
0000011111000000
0000011111000000
0000001000000000
0000000000000000
0000000000000000
0000000000000000

zero

0000000000000000
0000000000000000
0000000000000000
0000000000000000
0000000011000000
0000000011000000
0000000110000000
0000000110000000
0000000110000000
0000000110000000
0000000110000000
0000111111000000
0000000000000000
0000000000000000
0000000000000000
0000000000000000

one

0000000000000000
0001111111111000
0001111111111100
0001110100011100
0001100000011100
0001100000001100
0001100000011100
0001100000001100
0001100000001100
0001100000001100
0001100000001100
0001111000011100
0001111111111100
0001111111111000
0000111111111000
0000000000000000

zero

0000000000000000
0000000000000000
0000000000000000
0000000000000000
0111111111111110
1111111111111111
1110000000000111
1110000000000111
1110000000000111
1110000000000111
1111111111111111
0111111111111110
0000000000000000
0000000000000000
0000000000000000
0000000000000000

zero

0000000000000000
0000000000000000
0000000000000000
0000000000000000
0111111111111111
1111111111111111
1110000000000111
1110000000000111
1110000000001111
1110000000000111
1111111111111111
0111111111111110
0000000000000000
0000000000000000
0000000000000000
0000000000000000

zero

0000000000000000
0000000000000000
0000001000000000
0000000100000000
0000000100000000
0000000100000000
0000000100000000
0000000010000000
0000000010000000
0000000010000000
0000000001000000
0000000001000000
0000000001000000
0000000011000000
0000000000000000
0000000000000000

one

0000000000000000
0000000000000000
0000000000000000
0000000000000000
0000000000000000
0001111111111000
0001110000011000
0001100000011000
0001100000011000
0001100000011000
0001111111111000
0000000000000000
0000000000000000
0000000000000000
0000000000000000
0000000000000000

zero

0000000000000000
0000000000000000
0000000000000000
0000000000000000
0000000001100000
0000000001000000
0000000001000000
0000000010000000
0000000110000000
0000000010000000
0000000100000000
0000011110000000
0000111100000000
0000000000000000
0000000000000000
0000000000000000

one

0000000000000000
0000000000000000
0000000000000000
0000000000000000
0000000000000000
0000000000000000
0000000000000000
0000000110000000
0000000010000000
0000000010000000
0000000000000000
0000000000000000
0000000000000000
0000000000000000
0000000000000000
0000000000000000

one

0000000000000000
0000000000000000
0000000000000000
0000000000000000
0000001100000000
0000001100000000
0000001100000000
0000000110000000
0000000110000000
0000000110000000
0000000011000000
0000000111100000
0000000111110000
0000000000000000
0000000000000000
0000000000000000

one

0000000000000000
0000000000000000
0000011000000000
0000111000000000
0000011000000000
0000001100000000
0000001100000000
0000000110000000
0000000110000000
0000000110000000
0000000011000000
0000000011000000
0000000111111000
0000000111111000
0000000000000000
0000000000000000

one

0000000000000000
0000000000000000
0000000000000000
0000000000000000
0000001100000000
0000001100000000
0000001100000000
0000000110000000
0000000110000000
0000000110000000
0000000011000000
0000000111100000
0000000000110000
0000000000000000
0000000000000000
0000000000000000

one

0000000000000000
0000000000000000
0000000000000000
0000000000000000
0000001100000000
0000001100000000
0000000110000000
0000000110000000
0000000110000000
0000000110000000
0000000110000000
0000001111110000
0000000000000000
0000000000000000
0000000000000000
0000000000000000

one

0000000000000000
0000000000000000
0000000000000000
0000000001000000
0000000010000000
0000000010000000
0000000010000000
0000000010000000
0000000010000000
0000000010000000
0000000010000000
0000000010000000
0000000110000000
0000001100000000
0000000000000000
0000000000000000

one

0000000000000000
0000000000000000
0000000000000000
0000000000000000
0000000000000000
0000000000000000
0000000110000000
0000000110000000
0000000110000000
0000000110000000
0000001111000000
0000000000000000
0000000000000000
0000000000000000
0000000000000000
0000000000000000

one

0000000000000000
0000000000000000
0000000000000000
0000000000000000
0000000001000000
0000000001000000
0000000001000000
0000000010000000
0000000010000000
0000000010000000
0000000100000000
0000000100000000
0000000000000000
0000000000000000
0000000000000000
0000000000000000

one

0000000000000000
0000000000000000
0000000000000000
0000011111110000
0000111111110000
0000110001110000
0000110000010000
0000110000010000
0000110000010000
0000110000010000
0000110000110000
0000111111110000
0000000000000000
0000000000000000
0000000000000000
0000000000000000

zero

0000000000000000
0000000000000000
0000000000000000
0000000000000000
0000000000000000
0000111111000000
0000111111110000
0000110000010000
0000110000010000
0000110000110000
0000011111110000
0000000000000000
0000000000000000
0000000000000000
0000000000000000
0000000000000000

zero

0000000000000000
0000000000000000
0000000000000000
0000000000000000
0000000000000000
0000001100000000
0000001100000000
0000000110000000
0000000110000000
0000000110000000
0000000111100000
0000000000000000
0000000000000000
0000000000000000
0000000000000000
0000000000000000

one

0000000000000000
0000000000000000
0000000100000000
0000000100000000
0000000100000000
0000000100000000
0000000010000000
0000000010000000
0000000010000000
0000000010000000
0000000010000000
0000000001000000
0000000011000000
0000000011000000
0000000000000000
0000000000000000

one

0000000000000000
0000000000000000
0000000000000000
0000000000000000
0000000000000000
0000000000000000
0000000000000000
0011100000011100
0011000000001100
0011111111111100
0000000000000000
0000000000000000
0000000000000000
0000000000000000
0000000000000000
0000000000000000

zero

0000000000000000
0000000000000000
0000000000000000
0000000000000000
0000000000000000
0000000000000000
0000000010000000
0000000010000000
0000000010000000
0000000010000000
0000000000000000
0000000000000000
0000000000000000
0000000000000000
0000000000000000
0000000000000000

one

0000000000000000
0000000000000000
0000011000000000
0000001100000000
0000000100000000
0000000100000000
0000000100000000
0000000010000000
0000000010000000
0000000110000000
0000000001000000
0000000001000000
0000000011100000
0000000011100000
0000000000000000
0000000000000000

one

0000000000000000
0000000000000000
0000000000000000
0000000000000000
0000000000000000
0000000110000000
0000000110000000
0000000110000000
0000000110000000
0000000110000000
0000011111100000
0000000010000000
0000000000000000
0000000000000000
0000000000000000
0000000000000000

one

0000000000000000
0000000000000000
0000000000000000
0000000000000000
0000000000000000
0000000000000000
0001111111110000
0000100000011000
0000100000011000
0000110000111000
0000000000010000
0000000000000000
0000000000000000
0000000000000000
0000000000000000
0000000000000000

zero

0000000000000000
0000000000000000
0000000000000000
0000000000000000
0000000000000000
0000000000000000
0000111111111000
0000100000011000
0000100000011000
0000111111111000
0000010000000000
0000000000000000
0000000000000000
0000000000000000
0000000000000000
0000000000000000

zero

0000000000000000
0000000100000000
0000011100000000
0000000010000000
0000000010000000
0000000010000000
0000000010000000
0000000010000000
0000000110000000
0000000010000000
0000000010000000
0000000010000000
0000000010000000
0000001111000000
0000000111100000
0000000100000000

one

0000000000000000
0000000000000000
0000000000000000
0000000000000000
0000000000000000
0000001111110000
0000011000100000
0000010000100000
0000010000100000
0000011000100000
0000011111100000
0000001100000000
0000000000000000
0000000000000000
0000000000000000
0000000000000000

zero

0000000000000000
0000000000000000
0000000000000000
0000000000000000
0000000110000000
0000000110000000
0000000110000000
0000000110000000
0000000110000000
0000000110000000
0000000110000000
0000001111000000
0000001111000000
0000000000000000
0000000000000000
0000000000000000

one

0000000000000000
0000000000000000
0000000000000000
0000000000000000
0000000000000000
0000000000000000
0011111111110000
0001100000011000
0001100000011000
0001111111111000
0000000000000000
0000000000000000
0000000000000000
0000000000000000
0000000000000000
0000000000000000

zero

0000000000000000
0000000000000000
0000000000000000
0000000000000000
0000000000000000
0000000000000000
0000000000000000
0000000110000000
0000000110000000
0000001111000000
0000000000000000
0000000000000000
0000000000000000
0000000000000000
0000000000000000
0000000000000000

one

0000000000000000
0000000000000000
0000011000000000
0000001100000000
0000001100000000
0000001100000000
0000001100000000
0000000110000000
0000000110000000
0000000110000000
0000000011000000
0000000011000000
0000000111100000
0000000111100000
0000000001000000
0000000000000000

one

0000000000000000
0111111111111000
1111111111111100
1111111111111100
1111000000011100
1110000000011100
0111000000001110
0111100000001110
0111000000001110
0111000000001110
0111000000001110
0011111100001111
0011111111111111
0001111111111110
0000010000001100
0000000000000000

zero

0000000000000000
0000000000000000
0000000000000000
0000000000000000
0000000000000000
0000000000000000
0000000000000000
0000000010000000
0000000010000000
0000000010000000
0000000000000000
0000000000000000
0000000000000000
0000000000000000
0000000000000000
0000000000000000

one

0000000000000000
0000000000000000
0000000000000000
0000000000000000
0000000000000000
0000000000000000
0000000110000000
0000000110000000
0000000110000000
0000000110000000
0000001000000000
0000000000000000
0000000000000000
0000000000000000
0000000000000000
0000000000000000

one

0000000000000000
0000000000000000
0000011000000000
0000011000000000
0000001100000000
0000001100000000
0000001100000000
0000000110000000
0000001110000000
0000000110000000
0000000011000000
0000000011000000
0000000011000000
0000000011111000
0000000000000000
0000000000000000

one

0000000000000000
0000000000000000
0000000000000000
0000000000000000
0000000000000000
0000000000000000
0000000100000000
0000000010000000
0000000010000000
0000000010000000
0000000001000000
0000000000000000
0000000000000000
0000000000000000
0000000000000000
0000000000000000

one

0000000000000000
0000000000000000
0000000000000000
0000000000000000
0000000000000000
0000000000000000
0000111111111100
0011100000001100
0011100000001100
0011111111111100
0000000000000000
0000000000000000
0000000000000000
0000000000000000
0000000000000000
0000000000000000

zero

0000000000000000
0000000011110000
0000000011111000
0000000011111000
0000000100010000
0000000100010000
0000000100010000
0000001000100000
0000001000100000
0000001000100000
0000010001000000
0000011111000000
0000011111000000
0000111110000000
0000000000000000
0000000000000000

zero

0000000000000000
0000000000000000
0000000001000000
0000000001000000
0000000010000000
0000000010000000
0000000010000000
0000000010000000
0000000010000000
0000000010000000
0000000010000000
0000000010000000
0000000110000000
0000000100000000
0000000000000000
0000000000000000

one

0000000000000000
0000000000000000
0000000000000000
0000111111111111
0011111111111111
0011100000100111
0011100000000111
0111000000001110
0111000000001110
0111000000001110
1111100011111100
1111111111111100
0111111111111000
0000000000000000
0000000000000000
0000000000000000

zero

0000000000000000
0000000000000000
0000000000000000
0000000111000000
0000000111000000
0000000001000000
0000000001000000
0000000001000000
0000000001000000
0000000001000000
0000000101000000
0000000111000000
0000000111000000
0000000000000000
0000000000000000
0000000000000000

zero

0000000000000000
0000000000000000
0000000000000000
0000000000000000
0000000000000000
0000000001000000
0000000001000000
0000000010000000
0000000010000000
0000000010000000
0000001100000000
0000001000000000
0000000000000000
0000000000000000
0000000000000000
0000000000000000

one

0000000000000000
0000000000000000
0001111111000000
0000111111100000
0000110101100000
0000100000100000
0000100000100000
0000010000010000
0000010000010000
0000010000010000
0000001000011000
0000001111111000
0000001111111000
0000000000000000
0000000000000000
0000000000000000

zero

0000000000000000
0000000000000000
0000000000000000
0000000000000000
0000000000000000
0000000000000000
0000000001000000
0000000010000000
0000000010000000
0000000110000000
0000000000000000
0000000000000000
0000000000000000
0000000000000000
0000000000000000
0000000000000000

one

0000000000000000
0000000011111110
0000001111111100
0000001111111100
0000011000011000
0000011000001000
0000011000001000
0000110000010000
0000110000010000
0000110000010000
0001100000100000
0001111111100000
0001111111100000
0011111111000000
0000000000000000
0000000000000000

zero

0000000000000000
0000000000000000
0000000000000000
0011111111111111
0011111111111111
0011100000000111
0111000000000110
0111000000001110
0111000000000110
0111000000000110
0111100000001110
1111111111111100
0111111111111000
0000000000000000
0000000000000000
0000000000000000

zero

0000000000000000
0000000000000000
0000000000000000
0000000000000000
0000000100000000
0000000100000000
0000000100000000
0000000010000000
0000000010000000
0000000010000000
0000000001000000
0000000011100000
0000000011000000
0000000000000000
0000000000000000
0000000000000000

one

0000000000000000
0000000000100000
0000000001100000
0000000011110000
0000000011000000
0000000011000000
0000000011100000
0000000110000000
0000000110000000
0000001110000000
0000001100000000
0000001100000000
0000001100000000
0000111110000000
0000000000000000
0000000000000000

one

0000000000000000
0000000000000000
0000001000000000
0000000100000000
0000000100000000
0000000100000000
0000001100000000
0000000010000000
0000000010000000
0000000010000000
0000000001000000
0000000001000000
0000000011000000
0000000011100000
0000000000000000
0000000000000000

one

0000000000000000
0000000000000000
0000000000000000
0111111111111000
1111111111111100
0111000000001110
0111000000001110
0111000000001110
0111000000001110
0111000000001110
0111101001001110
0111111111111110
0001111111111110
0000000000000000
0000000000000000
0000000000000000

zero

0000000000000000
0000000000000000
0000011000000000
0000001100000000
0000000100000000
0000000100000000
0000000100000000
0000000010000000
0000000010000000
0000000010000000
0000000001000000
0000000001000000
0000000011000000
0000000111100000
0000000000000000
0000000000000000

one

0000000000000000
0000000000000000
0000000000000000
0000000000000000
0000000000100000
0000000001000000
0000000001000000
0000000010000000
0000000010000000
0000000010000000
0000000100000000
0000001110000000
0000000000000000
0000000000000000
0000000000000000
0000000000000000

one

0000000000000000
0000000000000000
0001111110000000
0001111111000000
0001111111000000
0000100001100000
0000100001100000
0000010000110000
0000010000110000
0000010000110000
0000001100011000
0000001111111000
0000000111111000
0000000000000000
0000000000000000
0000000000000000

zero

0000000000000000
0000000000000000
1111111111111000
1111111111111100
1110100000011110
1110000000001110
1100000000001110
1110000000000111
1111000000000111
1110000000000111
0111100001000111
0111111111111111
0111111111111111
0000000110000000
0000000000000000
0000000000000000

zero

0000000000000000
0000000000000000
0000000000000000
0000000000000000
0000000000000000
0000000000000000
0000000001000000
0000000010000000
0000000010000000
0000000010000000
0000001110000000
0000000000000000
0000000000000000
0000000000000000
0000000000000000
0000000000000000

one

0000000000000000
0000000010000000
0000000010000000
0000000010000000
0000000010000000
0000000010000000
0000000010000000
0000000010000000
0000000010000000
0000000010000000
0000000010000000
0000000010000000
0000000010000000
0000000111000000
0000000110000000
0000000000000000

one

0000000000000000
0000000000000000
1111111111110000
1111111111111000
1111111111111100
1110000000011100
1110000000011100
0111000000001110
0111000000001110
0111000000001110
0011110000001111
0011111111111111
0001111111111110
0000100000000000
0000000000000000
0000000000000000

zero

0000000000000000
0011111111111111
0011111111111111
0011110000001111
0011100000000111
0110000000000110
0110000000000110
0110000000000110
0110000000000110
0110000000000110
0111000000000110
0111000000001110
1111111111111100
1111111111111100
0111111111111000
0000000000000000

zero

0000000000000000
0000000000000000
0000000000000000
0000111110000000
0000011111000000
0000010001000000
0000010001000000
0000001000100000
0000001000100000
0000001000100000
0000000100010000
0000000111110000
0000000111110000
0000000000000000
0000000000000000
0000000000000000

zero

0000000000000000
0000000000000000
0000000000000000
0000000000000000
0000000000000000
0000001111100000
0000001000100000
0000001000100000
0000001000100000
0000001000100000
0000001111100000
0000000000000000
0000000000000000
0000000000000000
0000000000000000
0000000000000000

zero

0000000000000000
0000001000000000
0000001000000000
0000001000000000
0000000100000000
0000000100000000
0000000100000000
0000000010000000
0000000010000000
0000000010000000
0000000001000000
0000000001000000
0000000001000000
0000000000100000
0000000000100000
0000000000000000

one

0000000000000000
0000000000000000
0000000000000000
0000000000000000
0111111111111000
0111111111111110
0111000000001110
0111000000001110
0111000000001110
0111000000001110
0111111111111110
0011111111111100
0000000000000000
0000000000000000
0000000000000000
0000000000000000

zero

0000000000000000
0000000000000000
1111111111111000
1111111111111000
1111111111111100
1110000000001100
1100000000001100
0110000000001110
0110000000001110
0110000000000110
0011100000100111
0011111111111111
0011111111111111
0000000000100000
0000000000000000
0000000000000000

zero

0000000000000000
0000000000000000
0000000000000000
0000000111110000
0000000111110000
0000001000100000
0000001000100000
0000001000100000
0000001000100000
0000001000100000
0000001100100000
0000001111100000
0000011111000000
0000000000000000
0000000000000000
0000000000000000

zero

0000000000000000
0000000000000000
0000000000000000
0000000000000000
0000000000000000
0000000000000000
0111111111111110
1110000000001111
1111000000000111
1111111111111111
0000000000000000
0000000000000000
0000000000000000
0000000000000000
0000000000000000
0000000000000000

zero

0000000000000000
0000000000000000
0000000000000000
0000000000000000
0000000100000000
0000000100000000
0000000100000000
0000000010000000
0000000010000000
0000000010000000
0000000001000000
0000000001000000
0000000001000000
0000000000000000
0000000000000000
0000000000000000

one

0000000000000000
0000000000000000
0000000000000000
0000000000000000
0000000000000000
0000000000000000
1111111111111111
1110000000000111
1110000000000111
1111000000001111
0111111111111110
0000000000000000
0000000000000000
0000000000000000
0000000000000000
0000000000000000

zero

0000000000000000
0000000000000000
0000000000000000
0000000000000000
0000000000000000
0000000000000000
0000000000000000
0000000110000000
0000000110000000
0000000110000000
0000000000000000
0000000000000000
0000000000000000
0000000000000000
0000000000000000
0000000000000000

one

0000000000000000
0000000000000000
0000000000000000
0000000000000000
0000000000000000
0111111111111110
0111000000001110
0111000000001110
0111000000001110
0111000000001110
0111111111111110
0000000000111000
0000000000000000
0000000000000000
0000000000000000
0000000000000000

zero

0000000111000000
0000000111000000
0000000111000000
0000000101000000
0000000000000000
0000000000000000
0000000000000000
0000000000000000
0000000000000000
0000000000000000
0000000000000000
0000000001000000
0000000111000000
0000000111000000
0000000111000000
0000000000000000

zero

0000000000000000
0000000000000000
0000000000000000
0000000000000000
0000000000000000
0000000000000000
0000011111110000
0000010000110000
0000010000110000
0000010000110000
0000011111110000
0000000000000000
0000000000000000
0000000000000000
0000000000000000
0000000000000000

zero

0000000000000000
0000000000000000
0000000011000000
0000001110000000
0000001110000000
0000000110000000
0000000110000000
0000000110000000
0000000111000000
0000000110000000
0000000111000000
0000000110000000
0000011111100000
0000011111100000
0001000010000000
0000000000000000

one

0000000000000000
0000000000000000
0000000000000000
0000000000000000
0000000000000000
0000000000000000
0011111111111100
0011000000001100
0011000000001100
0011100000011100
0001111111111000
0000000000000000
0000000000000000
0000000000000000
0000000000000000
0000000000000000

zero

0000000000000000
0000000000000000
0000000000000000
0000000000000000
0000000000000000
0000111111110000
0000110000110000
0000110000010000
0000110000010000
0000110000010000
0000111111110000
0000000000000000
0000000000000000
0000000000000000
0000000000000000
0000000000000000

zero

0000000000000000
0000000000000000
0000011111111000
0000011111111100
0000011011011100
0000110000011000
0000100000011000
0000100000011000
0000100000011000
0000100000011000
0000110000011000
0000111111111000
0001111111110000
0000000000000000
0000000000000000
0000000000000000

zero

0000000000000000
0000000000000000
0000000000000000
0000000000000000
0000000001000000
0000000001000000
0000000001000000
0000000010000000
0000000010000000
0000000010000000
0000000100000000
0000000100000000
0000000100000000
0000000000000000
0000000000000000
0000000000000000

one

0000000000000000
0111111111100000
0011111111111000
0011100010111000
0011000000111000
0011000000111000
0001100000001100
0001100000001100
0001100000011100
0001100000001100
0001100000011100
0000111000001110
0000111111111110
0000111111111110
0000000000000010
0000000000000000

zero

0000000000000000
0000000000000000
0000000000000000
0000000000000000
0000000010000000
0000000010000000
0000000010000000
0000000010000000
0000000010000000
0000000010000000
0000000010000000
0000000110000000
0000000100000000
0000000000000000
0000000000000000
0000000000000000

one

0000000000000000
0000111111100000
0000111111100000
0000111111100000
0000110001100000
0000010000110000
0000010000110000
0000010000110000
0000010000110000
0000010000110000
0000010000110000
0000011111110000
0000001111111000
0000001111111000
0000000000000000
0000000000000000

zero

0000000000000000
0000000000000000
0000000000000000
0000001110000000
0000000110000000
0000000110000000
0000000110000000
0000000110000000
0000000110000000
0000000110000000
0000000110000000
0000000110000000
0000011111100000
0000011111100000
0000000000000000
0000000000000000

one

0000000000000000
0000000000000000
0000000000000000
0000000000000000
0000000001000000
0000000001000000
0000000011000000
0000000010000000
0000000010000000
0000000010000000
0000000100000000
0000001110000000
0000000000000000
0000000000000000
0000000000000000
0000000000000000

one

0000001111111100
0000001111111110
0000111111111100
0000111000101100
0000110000001100
0000110000001100
0001100000011000
0001100000011000
0001100000011000
0001100000011000
0001100000011000
0011100000110000
0011111111110000
0011111111110000
0001111111100000
0000000000000000

zero

0000000000000000
0000000000000000
0000000000000000
0000000000000000
0000000001000000
0000000001000000
0000000010000000
0000000010000000
0000000010000000
0000000010000000
0000000010000000
0000001100000000
0000001100000000
0000000000000000
0000000000000000
0000000000000000

one

1111111111111000
1111111111111100
1111111111111100
1100000000111100
1100000000001110
1110000000001110
1100000000001110
1110000000000111
1110000000000111
1110000000000111
0111000000000011
0111100000001111
0111111111111111
0011111111111111
0001111111111111
0000000100000001

zero

0000000000000000
0000000000000000
0000000000000000
0000000100000000
0000001100000000
0000000010000000
0000000110000000
0000000010000000
0000000010000000
0000000010000000
0000000010000000
0000000110000000
0000000111100000
0000000000000000
0000000000000000
0000000000000000

one

0000000000000000
0000000000000000
0000000000000000
0000000000000000
0000000000000000
0000000000000000
0000001110000000
0000000110000000
0000000110000000
0000000110000000
0000011111100000
0000000000000000
0000000000000000
0000000000000000
0000000000000000
0000000000000000

one

0000000000000000
0000000000000000
0000000000000000
0000000000000000
0011111111000000
0001100001100000
0001100000100000
0000110000010000
0000110000110000
0000110000010000
0000011111111000
0000011111111000
0000000000000000
0000000000000000
0000000000000000
0000000000000000

zero

0000000000000000
0000011111100000
0000011111110000
0000011111110000
0000011000110000
0000010000110000
0000010000110000
0000010000110000
0000010000110000
0000010000110000
0000010000110000
0000011111110000
0000011111110000
0000011111110000
0000000100100000
0000000000000000

zero

0000000000000000
0000000000000000
0000000000000000
0000000000000000
0000000000000000
0000000000000000
0000000110000000
0000000110000000
0000000110000000
0000000110000000
0000011111100000
0000000000000000
0000000000000000
0000000000000000
0000000000000000
0000000000000000

one

0000000000000000
0000000000000000
0000000000000000
0111111111100000
0111111111111000
0111000000111000
0110000000011000
0011000000001100
0011000000001100
0011010000011100
0001110000001110
0001111111111110
0000100000000010
0000000000000000
0000000000000000
0000000000000000

zero

0000000000000000
0000000000000000
0000000000000000
0000000000000000
0000000010000000
0000000010000000
0000000010000000
0000000010000000
0000000010000000
0000000010000000
0000000010000000
0000000111000000
0000000110000000
0000000000000000
0000000000000000
0000000000000000

one

0000000000000000
0000000110000000
0000000110000000
0000000110000000
0000000110000000
0000000110000000
0000000110000000
0000000110000000
0000000110000000
0000000110000000
0000000110000000
0000000110000000
0000000110000000
0000001111100000
0000001111000000
0000000000000000

one

0000000000000000
0000000000000000
0000000000000000
0000000000000000
0000000000000000
0111111111111110
0111000000001110
0110000000000110
0110000000000110
0111000000001110
0111111111111110
0000000000000000
0000000000000000
0000000000000000
0000000000000000
0000000000000000

zero

0000000000000000
0000000000000000
0000000000000000
0000000000000000
0000000000000000
0000000000000000
0011111111110000
0001100000011000
0001100000011000
0001111111111000
0000000000000000
0000000000000000
0000000000000000
0000000000000000
0000000000000000
0000000000000000

zero

0000000000000000
0000000000000000
0011111111110000
0111111111111000
0111101000111000
0111000000011000
0011100000001100
0011100000001100
0011100000011100
0011100000001100
0011100000011100
0001111111111110
0001111111111110
0000000000000000
0000000000000000
0000000000000000

zero

0000000000000000
0000000000000000
0000000000000000
0000000000000000
0000000010000000
0000000010000000
0000000110000000
0000000110000000
0000000010000000
0000000010000000
0000000010000000
0000000111000000
0000000000000000
0000000000000000
0000000000000000
0000000000000000

one

0000000000000000
0000000000000000
0000000000000000
0000000000000000
0000000000000000
0000000011000000
0000000011000000
0000000110000000
0000000110000000
0000000110000000
0000011110000000
0000000000000000
0000000000000000
0000000000000000
0000000000000000
0000000000000000

one

0000000000000000
0000000000000000
0000000011000000
0000000011000000
0000000001000000
0000000010000000
0000000010000000
0000000010000000
0000000010000000
0000000010000000
0000000010000000
0000000010000000
0000001100000000
0000001110000000
0000000000000000
0000000000000000

one

0000000000000000
0000000000000000
0000000000000000
0000000000100000
0000000011000000
0000000001000000
0000000001000000
0000000010000000
0000000010000000
0000000010000000
0000001100000000
0000010100000000
0000001110000000
0000000000000000
0000000000000000
0000000000000000

one

0000000000000000
0000000000000000
0000000000000000
0000000000000000
0000000000000000
0000000000000000
0000000110000000
0000000010000000
0000000010000000
0000000010000000
0000000111000000
0000000000000000
0000000000000000
0000000000000000
0000000000000000
0000000000000000

one

0000000000000000
0000000000000000
0000000000000000
0000000000000000
0000000000000000
0011111111111000
0001100000011100
0001100000001100
0001100000001100
0001100000011100
0001111111111100
0000000000000000
0000000000000000
0000000000000000
0000000000000000
0000000000000000

zero

0000000000000000
0000000000000000
0000000000000000
0000000000000000
0000000000000000
0000000000000000
0000001100000000
0000000110000000
0000000110000000
0000000110000000
0000000000000000
0000000000000000
0000000000000000
0000000000000000
0000000000000000
0000000000000000

one

0000000000000000
0000000000000000
0000000000000000
0000000000000000
0000000000000000
0000000000000000
0000001100000000
0000000010000000
0000000010000000
0000000010000000
0000000111100000
0000000000000000
0000000000000000
0000000000000000
0000000000000000
0000000000000000

one

0000000000000000
0000000000000000
0000000000000000
0000000000000000
0000000000000000
1111111111111100
1110000000011110
1110000000000111
1110000000000111
1111000000001111
0111111111111111
0000000000000000
0000000000000000
0000000000000000
0000000000000000
0000000000000000

zero

0000000000000000
0000000000000000
0000000000000000
0000000000000000
0000000000000000
0000001111111000
0000001000011000
0000010000110000
0000010000110000
0000010000110000
0000111111100000
0000000011000000
0000000000000000
0000000000000000
0000000000000000
0000000000000000

zero

0000000000000000
0000000000000000
0000000000000000
0000000000000000
0000000000000000
0000000000000000
0000111111110000
0000110000010000
0000110000010000
0000110000110000
0000000000000000
0000000000000000
0000000000000000
0000000000000000
0000000000000000
0000000000000000

zero

0000000000000000
0000000000000000
0000000000000000
0000000011000000
0000000011000000
0000000110000000
0000000110000000
0000000110000000
0000000110000000
0000000110000000
0000000110000000
0000000110000000
0000011110000000
0000011110000000
0000000000000000
0000000000000000

one

0000000000000000
0000000000000000
0000000000000000
0000000000000000
0000000000000000
0000000010000000
0000000011000000
0000000110000000
0000000111000000
0000000110000000
0000111111000000
0000000000000000
0000000000000000
0000000000000000
0000000000000000
0000000000000000

one

0000000000000000
0000000000000000
0000000000000000
0000000000000000
0000000000000000
0000001100000000
0000000111000000
0000000111000000
0000000110000000
0000000110000000
0000000110000000
0000000111100000
0000000000000000
0000000000000000
0000000000000000
0000000000000000

one

0000000000000000
0000000000000000
0000000000000000
0000000000000000
0000000100000000
0000000100000000
0000000100000000
0000000010000000
0000000010000000
0000000010000000
0000000001000000
0000000011000000
0000000000000000
0000000000000000
0000000000000000
0000000000000000

one

0000000000000000
0000000000000000
0000000000000000
0000000111110000
0000000111110000
0000000100010000
0000001000100000
0000001000100000
0000001000100000
0000001000100000
0000001001100000
0000011111000000
0000011110000000
0000000000000000
0000000000000000
0000000000000000

zero

0000000000000000
0000000000000000
0000000000000000
0000000000000000
0000000000000000
0000000000000000
0001111111100000
0000110000010000
0000110000010000
0000110000110000
0000001111110000
0000000000000000
0000000000000000
0000000000000000
0000000000000000
0000000000000000

zero

0000000000000000
0000000000000000
0000000000000000
0000000000000000
0000000000000000
0000000000000000
0000111111110000
0000110000010000
0000110000010000
0000110000110000
0000001000000000
0000000000000000
0000000000000000
0000000000000000
0000000000000000
0000000000000000

zero

0000000000000000
0000000001000000
0000000011000000
0000000011000000
0000000001000000
0000000010000000
0000000110000000
0000000110000000
0000000010000000
0000000010000000
0000000010000000
0000000010000000
0000000100000000
0000011110000000
0000011110000000
0000000000000000

one

0000000000000000
0000000000000000
0000000000000000
0000000000000000
0000000010000000
0000000010000000
0000000010000000
0000000010000000
0000000010000000
0000000010000000
0000000010000000
0000000010000000
0000000010000000
0000000000000000
0000000000000000
0000000000000000

one

0000000000000000
0000000000000000
0000000000100000
0000000000100000
0000000001000000
0000000001000000
0000000001000000
0000000010000000
0000000010000000
0000000010000000
0000000100000000
0000000100000000
0000001100000000
0000011000000000
0000000000000000
0000000000000000

one

0000000000000000
0000000001000000
0000000011000000
0000000111000000
0000000011100000
0000000011000000
0000000110000000
0000000110000000
0000000110000000
0000000111000000
0000000110000000
0000001100000000
0000111111000000
0000111111000000
0000000100000000
0000000000000000

one

0000000000000000
0000000000000000
0000000000000000
0000000111110000
0000000111110000
0000000100010000
0000001000100000
0000001000100000
0000001000100000
0000001000100000
0000001001100000
0000011111000000
0000000000000000
0000000000000000
0000000000000000
0000000000000000

zero

0000000000000000
0000000000000000
0000011111110000
0000111111110000
0000111111110000
0000110000010000
0000110000010000
0000110000010000
0000110000010000
0000110000010000
0000110000110000
0000111111110000
0000111111110000
0000000000000000
0000000000000000
0000000000000000

zero

0000000000000000
0000000000000000
0000000000000000
0000000000000000
0000000000000000
0000000100000000
0000000100000000
0000000010000000
0000000010000000
0000000010000000
0000000011100000
0000000000000000
0000000000000000
0000000000000000
0000000000000000
0000000000000000

one

0000000000000000
0000000000000000
0000000000000000
0000000000000000
0011111111111111
0111110001001111
1111000000000111
1110000000000111
1110000000000111
1110000000000111
1111111111111111
1111111111111100
0000000000000000
0000000000000000
0000000000000000
0000000000000000

zero

0000000000000000
0000000000000000
0000001111100000
0000001111100000
0000001000100000
0000001000100000
0000001000100000
0000001000100000
0000001000100000
0000001000100000
0000001011100000
0000001111100000
0000001111100000
0000001111000000
0000000000000000
0000000000000000

zero

0000000000000000
0000000000000000
0000000001000000
0000000001000000
0000000001000000
0000000010000000
0000000010000000
0000000010000000
0000000010000000
0000000010000000
0000000010000000
0000000010000000
0000000100000000
0000000100000000
0000000000000000
0000000000000000

one

0000000000000000
0011111111100000
0011111111110000
0011100001110000
0011000000110000
0011000000110000
0001100000011000
0001100000011000
0001100000011000
0001100000011000
0001100000011000
0000111100001100
0000111111111100
0000111111111100
0000011111111000
0000000000000000

zero

0000000000000000
0000000000000000
0000000000000000
0000000000000000
0000000000000000
0000000000000000
0000000011000000
0000000110000000
0000000110000000
0000000110000000
0000000000000000
0000000000000000
0000000000000000
0000000000000000
0000000000000000
0000000000000000

one

0000000000000000
0000000000000000
0000000111111100
0000001111111100
0000011000011000
0000011000001000
0000011000001000
0000110000010000
0000110000010000
0000110000010000
0001100001100000
0001111111100000
0001111111100000
0001111111000000
0000000000000000
0000000000000000

zero

0000000000000000
0000000000000000
0000000000000000
0000001100000000
0000001100000000
0000001100000000
0000001100000000
0000000110000000
0000000110000000
0000000110000000
0000000011000000
0000000011000000
0000000111100000
0000000111100000
0000000000000000
0000000000000000

one

0000000000000000
0000000000000000
0000000000000000
0000000000000000
0001111111100000
0001100001100000
0001100000100000
0000110000010000
0000110000010000
0000110000010000
0000011010011000
0000011111111000
0000000000100000
0000000000000000
0000000000000000
0000000000000000

zero

0000000000000000
0000000000000000
0000000000000000
0000000000000000
0000000000000000
0000000000000000
0000011111111100
0000100000011000
0000100000011000
0000111111111000
0000000000000000
0000000000000000
0000000000000000
0000000000000000
0000000000000000
0000000000000000

zero

0000000000000000
0000000000000000
0000000000000000
0000000000000000
0001111111100000
0001110001100000
0001100000100000
0000110000010000
0000110000010000
0000110000010000
0000011111111000
0000011111111000
0000000000000000
0000000000000000
0000000000000000
0000000000000000

zero

0000000000000000
0000000000000000
0000001110000000
0000000110000000
0000000110000000
0000000110000000
0000000110000000
0000000110000000
0000000110000000
0000000110000000
0000000110000000
0000000111000000
0000001111000000
0000001111000000
0000000000000000
0000000000000000

one

0000000000000000
0000000000000000
0000000000000000
0000000000000000
0000000000000000
0000011111100000
0000011100110000
0000010000110000
0000010000110000
0000010000110000
0000011111110000
0000000000000000
0000000000000000
0000000000000000
0000000000000000
0000000000000000

zero

0000000000000000
0000000000000000
0000000000000000
0000000000000000
0011111111111111
0011111111111111
0110000000000110
0110000000000110
0110000000001110
0110000000000110
0111111111111110
0111111111111100
0000000000000000
0000000000000000
0000000000000000
0000000000000000

zero

0000000000000000
0000000000000000
0000000000000000
0000000000000000
0000000000000000
0011111111111111
0011110000000111
0111000000001110
0111000000001110
0111000000001110
1111111111111100
0100000111000000
0000000000000000
0000000000000000
0000000000000000
0000000000000000

zero

0000000000000000
0000000000000000
0000000000000000
0000111111111111
0011111111111111
0011110000001111
0011100000000111
0111000000001110
0111000000001110
0111000000001110
1111010000111100
1111111111111100
0000000100110000
0000000000000000
0000000000000000
0000000000000000

zero

0000000000000000
0000000000000000
0000000000000000
0000000000000000
0000000000000000
1111111111111111
1111000000001111
1110000000000111
1110000000000111
1110000000000111
1111111111111111
0000000000000000
0000000000000000
0000000000000000
0000000000000000
0000000000000000

zero

0000000000000000
0000000000000000
0000000000000000
0000000000000000
0000000000000000
0111111111111110
0111000000001110
0111000000001110
0111000000001110
0111000000001110
0111111111111110
0000000000000000
0000000000000000
0000000000000000
0000000000000000
0000000000000000

zero

0000000000000000
0000000000000000
0000000000000000
0000000000000000
0000000110000000
0000000110000000
0000000110000000
0000000110000000
0000000111000000
0000000110000000
0000000110000000
0000001111100000
0000000000000000
0000000000000000
0000000000000000
0000000000000000

one

0000000000000000
0000000000000000
0000000000000000
0000000000000000
0000011000000000
0000000100000000
0000000100000000
0000000010000000
0000000010000000
0000000010000000
0000000001000000
0000000011100000
0000000001110000
0000000000000000
0000000000000000
0000000000000000

one

0000000000000000
0000000000000000
0000000111000000
0000000111000000
0000000011000000
0000000011000000
0000000110000000
0000000110000000
0000000111000000
0000000110000000
0000000110000000
0000011100000000
0000001110000000
0000111111000000
0000000001000000
0000000000000000

one

0000000000000000
0000001111111110
0000001111111110
0000011111111100
0000011000001100
0000010000001100
0000010000001100
0000100000011000
0000100000011000
0000100000011000
0001000000110000
0001100001110000
0001111111110000
0001111111110000
0000000000000000
0000000000000000

zero

0000000000000000
0000000000000000
0000000000000000
0000000000000000
0111111111111000
1111111111111100
1110000000011100
0111000000000110
0111000000000110
0111000000010110
0011111111111111
0001111111111110
0000000000000000
0000000000000000
0000000000000000
0000000000000000

zero

0000000000000000
0000000000000000
0000001000000000
0000011000000000
0000001100000000
0000001100000000
0000001100000000
0000000110000000
0000000110000000
0000000110000000
0000000011000000
0000000111000000
0000000111110000
0000000011110000
0000000000000000
0000000000000000

one

0000000000000000
0001111111111000
0011111111111100
0011111111111100
0011100000111100
0011100000001100
0011100000001100
0011100000001100
0011100000001100
0011100000001100
0011100000001100
0011111111111100
0011111111111100
0001111111111000
0000010000000000
0000000000000000

zero

0000000000000000
0000000000000000
0000000000000000
0000000000000000
0000000000000000
0000000000000000
0111111111111110
1110000000000111
1110000000000111
1111111111111111
0000000000000000
0000000000000000
0000000000000000
0000000000000000
0000000000000000
0000000000000000

zero

0000000000000000
0000000000000000
0000000000000000
0000000000000000
0000000000000000
0001111111111000
0001110000011100
0001100000001100
0001100000001100
0001100000011100
0001111111111100
0000000000000000
0000000000000000
0000000000000000
0000000000000000
0000000000000000

zero

0000000000000000
0000000000000000
0000000000000000
0000000000000000
0000000011111000
0000001111110000
0000001000010000
0000010000100000
0000010000100000
0000010000100000
0000111111000000
0000011111000000
0000000000000000
0000000000000000
0000000000000000
0000000000000000

zero

0000000000000000
0000000000000000
0000000000000000
0000000000000000
0000111111111100
0001111111111110
0001100000000110
0011000000001100
0011000000001100
0011000000001100
0111111111111000
0011111111110000
0000000000000000
0000000000000000
0000000000000000
0000000000000000

zero

0000000000000000
0000000000000000
0000000011000000
0000000111000000
0000001110000000
0000000110000000
0000000110000000
0000000110000000
0000000110000000
0000000110000000
0000001110000000
0000000110000000
0000011111100000
0000111111100000
0000000000000000
0000000000000000

one

0000000000000000
0000000000000000
0000000000000000
0000000000000000
0000000000000000
0000000000000000
0000000111000000
0000000110000000
0000000110000000
0000000110000000
0000001111100000
0000000000000000
0000000000000000
0000000000000000
0000000000000000
0000000000000000

one

0000000000000000
0000000000000000
0000000000000000
0000000000000000
0000000000000000
0000000000000000
0000111111110000
0000110000010000
0000110000110000
0000110000110000
0000011111110000
0000000000000000
0000000000000000
0000000000000000
0000000000000000
0000000000000000

zero

0000000000000000
0000000000000000
0000000000000000
0000000000000000
0000000111000000
0000001111000000
0000001000000000
0000001000000000
0000001000000000
0000001000000000
0000001111000000
0000000111000000
0000000000000000
0000000000000000
0000000000000000
0000000000000000

zero

0000000000000000
0000000000000000
0000000000000000
0000000000000000
0000000000000000
0000000010000000
0000000010000000
0000000010000000
0000000010000000
0000000010000000
0000001111000000
0000000000000000
0000000000000000
0000000000000000
0000000000000000
0000000000000000

one

0000000000000000
0000000000000000
0000000000000000
0000000000000000
0000000000000000
0000001111110000
0000011000110000
0000010000010000
0000010000010000
0000010000110000
0000011111110000
0000000000000000
0000000000000000
0000000000000000
0000000000000000
0000000000000000

zero

0000000000000000
0000000000000000
0000000000000000
0000000000000000
0000000000000000
0000000000000000
0000011111100000
0000010000010000
0000010000010000
0000011111110000
0000000000000000
0000000000000000
0000000000000000
0000000000000000
0000000000000000
0000000000000000

zero

0000000000000000
0000000000000000
0000000000000000
0000000001000000
0000000001000000
0000000001000000
0000000010000000
0000000010000000
0000000010000000
0000000010000000
0000000010000000
0000001110000000
0000000000000000
0000000000000000
0000000000000000
0000000000000000

one

0000000000000000
0000000000000000
0000000000000000
0000000000000000
0001111111111111
0011111111111111
0110000000000110
0110000000000110
0110000000000110
0110000000000110
0111111111111110
0111111111111100
0000000000000000
0000000000000000
0000000000000000
0000000000000000

zero

0000000000000000
0000000000000000
0000000000000000
0000000000000000
0000000110000000
0000000110000000
0000000110000000
0000000110000000
0000000110000000
0000000110000000
0000000110000000
0000001111000000
0000000000000000
0000000000000000
0000000000000000
0000000000000000

one

0000000000000000
0000000000000000
0000000100000000
0000000100000000
0000000100000000
0000000100000000
0000000010000000
0000000010000000
0000000010000000
0000000010000000
0000000010000000
0000000001000000
0000000001000000
0000000001000000
0000000000000000
0000000000000000

one

0000000000000000
0000000000000000
0000000000000000
0001111111110000
0011111111111000
0011100000111000
0001100000011100
0001100000001100
0001100000001100
0001100000001100
0001110100011100
0000111111111100
0000000000000000
0000000000000000
0000000000000000
0000000000000000

zero

0000000000000000
0000000000000000
0000000000000000
0000000000000000
0000000100000000
0000000100000000
0000000100000000
0000000010000000
0000000010000000
0000000010000000
0000000001000000
0000000001000000
0000000000000000
0000000000000000
0000000000000000
0000000000000000

one

0000000000000000
0000000000000000
0000000000000000
0000001000000000
0000000100000000
0000000100000000
0000000100000000
0000000010000000
0000000010000000
0000000110000000
0000000001000000
0000000001000000
0000000011100000
0000000000000000
0000000000000000
0000000000000000

one

0000000000000000
0000000000000000
0000000000000000
0000000000000000
0000000000000000
0000000000000000
0111111111111111
0110000000000111
0110000000000111
0111100100111111
0000000000000000
0000000000000000
0000000000000000
0000000000000000
0000000000000000
0000000000000000

zero

0011111111111100
0111111111111110
1111111111111111
1111000000001111
1110000000001111
1110000000000111
1110000000000111
1110000000000111
1110000000000111
1110000000000111
1111000000000111
1111000000001111
1111111111111111
1111111111111111
0011111111111110
0000000100000000

zero

0000000000000000
0000000000000000
0000000000000000
0000000000000000
0000000000000000
0000000000000000
0000000001000000
0000000010000000
0000000010000000
0000000010000000
0000001110000000
0000000000000000
0000000000000000
0000000000000000
0000000000000000
0000000000000000

one

0000000000000000
0000000000000000
0000000000100000
0000000001100000
0000000001000000
0000000001000000
0000000001000000
0000000010000000
0000000010000000
0000000110000000
0000000100000000
0000000100000000
0000001110000000
0000011100000000
0000000000000000
0000000000000000

one

0000000000000000
0000000000000000
0000000000000000
0000000000000000
0000000000000000
0000000000000000
0000000011000000
0000000110000000
0000000110000000
0000000110000000
0000111111000000
0000000000000000
0000000000000000
0000000000000000
0000000000000000
0000000000000000

one

0000000000000000
0000000010000000
0000000110000000
0000001110000000
0000000110000000
0000000110000000
0000001110000000
0000000111000000
0000001110000000
0000000110000000
0000000110000000
0000001110000000
0000001111000000
0000011111100000
0000000000000000
0000000000000000

one

0000000000000000
0000000000000000
0000000100000000
0000000110000000
0000000110000000
0000000110000000
0000000110000000
0000000110000000
0000000110000000
0000000110000000
0000000111000000
0000001110000000
0000011111100000
0000000010000000
0000000000000000
0000000000000000

one

0000000000000000
0000111111111110
0000111111111111
0001111111111110
0001111000001110
0001100000000110
0001110000000110
0011000000001100
0011000000001100
0011000000001100
0111000000011000
0111111111111000
0111111111111000
0011111111111000
0000000000000000
0000000000000000

zero

0000000000000000
0000000000000000
0000000000000000
0000000000000000
0000000000000000
0000000110000000
0000000010000000
0000000010000000
0000000110000000
0000000010000000
0000001010000000
0000001111000000
0000000000000000
0000000000000000
0000000000000000
0000000000000000

one

0000000000000000
0000011000000000
0000011000000000
0000011000000000
0000001100000000
0000001100000000
0000001100000000
0000000110000000
0000000110000000
0000000110000000
0000000011000000
0000000011000000
0000000111000000
0000000111110000
0000000011110000
0000000000000000

one

0000000000000000
0000000000000000
0000000000000000
0000000000000000
0000000000000000
0000111111110000
0000110000111000
0000100000011000
0000110000011000
0000110000011000
0000111111111000
0000000000000000
0000000000000000
0000000000000000
0000000000000000
0000000000000000

zero

0000000000000000
0000000000000000
0000000000000000
0000000000000000
0000000000000000
0000001111111000
0000111000110000
0000110000010000
0000110000010000
0000110000110000
0000111111110000
0000000000000000
0000000000000000
0000000000000000
0000000000000000
0000000000000000

zero

0000000000000000
0000000000000000
0000000000000000
0000000100000000
0000000100000000
0000000100000000
0000000010000000
0000000010000000
0000000010000000
0000000010000000
0000000010000000
0000000011000000
0000000011100000
0000000011000000
0000000000000000
0000000000000000

one

0000000000000000
0000000000000000
0000000000000000
0000000000000000
0000000001000000
0000000001000000
0000000010000000
0000000010000000
0000000010000000
0000000010000000
0000000010000000
0000001110000000
0000000000000000
0000000000000000
0000000000000000
0000000000000000

one

0000000000000000
0000000000000000
0000000000000000
0000000000000000
0000000000000000
0111111111111110
0111000000001110
0111000000001110
0111000000001110
0111000000001110
0111111111111110
0001111111111100
0000000000000000
0000000000000000
0000000000000000
0000000000000000

zero

0000000000000000
0000011111111000
0000011111111100
0000011111111100
0000011000001100
0000100000011000
0000100000011000
0000100000011000
0000100000011000
0000100000011000
0000100000011000
0000110000111000
0001111111110000
0001111111100000
0000000000000000
0000000000000000

zero

0000000000000000
0000001000000000
0000011000000000
0000000100000000
0000000100000000
0000000100000000
0000000100000000
0000000110000000
0000000110000000
0000000010000000
0000000001000000
0000000001000000
0000000001000000
0000000011100000
0000000001110000
0000000000000000

one

0001111111111110
0011111111111111
0111111111111110
0111100000011110
0111000000001110
0111000000001110
0111000000001110
0111000000001110
0111000000001110
0111000000001110
0111000000001110
0111100000011110
0111111111111110
0111111111111110
0011111111111100
0000000000000000

zero

0000000000000000
0000000000000000
0000000010000000
0000000010000000
0000000010000000
0000000010000000
0000000010000000
0000000010000000
0000000010000000
0000000010000000
0000000010000000
0000000010000000
0000000010000000
0000000111000000
0000000110000000
0000000000000000

one

0000000000000000
0000000000000000
0000000000000000
0000000000000000
0000000000000000
0000000000000000
0000000100000000
0000000110000000
0000000110000000
0000000110000000
0000000000000000
0000000000000000
0000000000000000
0000000000000000
0000000000000000
0000000000000000

one

0000000000000000
0000000000000000
0000000000000000
0000000010000000
0000000010000000
0000000010000000
0000000010000000
0000000010000000
0000000010000000
0000000010000000
0000000010000000
0000000010000000
0000000110000000
0000000000000000
0000000000000000
0000000000000000

one

0000000000000000
0000000000000000
0000000000000000
0000000000000000
0000000000000000
0000000000000000
0000000110000000
0000000110000000
0000000110000000
0000000110000000
0000011111100000
0000000000000000
0000000000000000
0000000000000000
0000000000000000
0000000000000000

one

0000000000000000
0000000000000000
0000000000000000
0000000000000000
0000000000000000
0000000000000000
0000000000000000
0000000010000000
0000000010000000
0000000111000000
0000000000000000
0000000000000000
0000000000000000
0000000000000000
0000000000000000
0000000000000000

one

0000000000000000
0000000000000000
0000000000000000
0000011111000000
0000001111100000
0000001000100000
0000001000100000
0000001000100000
0000001000100000
0000001000100000
0000001000100000
0000001111100000
0000001111100000
0000000000000000
0000000000000000
0000000000000000

zero

0000000000000000
0000000000000000
0000000000000000
0000000000000000
0000000000000000
0000000000000000
1111111111111111
1110000000000111
1110000000000111
1111000000001111
0111111111111110
0000000000000000
0000000000000000
0000000000000000
0000000000000000
0000000000000000

zero

0000000000000000
0000000000000000
0000011000000000
0000011000000000
0000011000000000
0000001100000000
0000001100000000
0000000110000000
0000000110000000
0000000110000000
0000000011000000
0000000011000000
0000000011110000
0000000111110000
0000000000000000
0000000000000000

one

0000000000000000
0000000000000000
0000000000000000
1111111111111100
1111111111111110
1110000000011110
1100000000001110
1110000000000111
1110000000000111
1110000000000111
0111110000010111
0111111111111111
0011111111111111
0000000000000000
0000000000000000
0000000000000000

zero

0000000000000000
0000000011111000
0000000111111000
0000000110001000
0000001100010000
0000001100010000
0000001100010000
0000011000100000
0000011000100000
0000011000100000
0000110001000000
0000110001000000
0000111111000000
0000111110000000
0000111110000000
0000000000000000

zero

0000000000000000
0000000000000000
0000000000000000
0000001000000000
0000000100000000
0000000100000000
0000000100000000
0000000010000000
0000000010000000
0000000010000000
0000000001000000
0000000001000000
0000000001000000
0000000000100000
0000000000000000
0000000000000000

one

0000000000000000
0000000000000000
0000000000000000
0000000000000000
0000000000000000
0000000000000000
0000000000000000
0011100000011100
0011000000011100
0011111111111100
0000000000000000
0000000000000000
0000000000000000
0000000000000000
0000000000000000
0000000000000000

zero

0000000000000000
0000000000000000
0000000000000000
0000000000000000
0000000000000000
0000000110000000
0000000010000000
0000000010000000
0000000010000000
0000000010000000
0000000010000000
0000000111000000
0000000000000000
0000000000000000
0000000000000000
0000000000000000

one

0000000000000000
0000000000000000
0000011111100000
0000011111110000
0000011111110000
0000010000110000
0000010000110000
0000010000110000
0000010000110000
0000010000110000
0000011000110000
0000011111110000
0000011111100000
0000000000000000
0000000000000000
0000000000000000

zero

0000000000000000
0000000000000000
0000000000000000
0000000000000000
0001111111100000
0001111111111000
0001100000011000
0001100000011000
0001100000011000
0001100000011000
0001111111111000
0000111111110000
0000000000000000
0000000000000000
0000000000000000
0000000000000000

zero

