0.0375 0.4625 0.105 1
0.1125 0.4875 0.07 1
0.0875 0.45 0.09 1
0.0625 0.5 0.075 1
0.05 0.375 0.07 2
0.3875 0.8125 0.8275 3
0.425 0.775 0.805 3
0.45 0.8125 0.77 3
0.4125 0.8125 0.8725 3
0.475 0.75 0.81 3
0.0875 0.35 0.0025 4
0.125 0.35 0.0075 4
0.1 0.35 0.0525 4
0.4625 0.7125 0.5425 5
0.4625 0.65 0.57 5
0.4875 0.7 0.5425 5
0.0625 0.2875 0.02 6
0.025 0.3 0.08 6
0.075 0.3 0.0775 6
0.05 0.25 0.0525 6
0.075 0.25 0.1175 6
0.05 0.275 0.02 6
0.4375 0.85 0.615 7
0.3875 0.8125 0.54 7
0.4 0.825 0.575 7
0.5 0.8625 0.8425 8
0.225 0.3125 0.0975 9
0.2 0.2625 0.04 10
0.1875 0.25 0.04 10
0.1375 0.2625 0.0575 10
0.8 0.1125 0.3625 11
0.875 0.075 0.3125 11
0.8125 0.0875 0.2875 11
0.7875 0.125 0.33 11
0.2375 0.475 0.025 12
0.2 0.4125 0.0975 12
0.6375 0.0375 0.305 13
0.625 0.025 0.355 13
0.6625 0.0375 0.375 13
0.4875 0.7375 0.605 14
0.4875 0.75 0.65 14
0.4625 0.7625 0.62 14
0.5 0.725 0.6925 15
0.475 0.775 0.6925 15
0.475 0.725 0.705 15
0.6375 0.1125 0.3275 16
0.675 0.125 0.335 16
0.0375 0.375 0.0425 17
0.0375 0.4 0.065 17
0.0125 0.4 0.0675 17
0.65 0.075 0.275 18
0.6625 0.1 0.2875 18
0.6625 0.0875 0.31 18
0.725 0.1125 0.2575 18
0.675 0.0625 0.2525 18
0.5 0.875 0.515 19
0.4875 0.7875 0.575 19
0.4625 0.8125 0.535 19
0.0625 0.425 0.0825 20
0.05 0.4625 0.02 20
0.1375 0.4375 0.0575 20
0.0875 0.4375 0.0675 20
0.625 0.125 0.2825 21
0.05 0.3875 0.1125 22
0.05 0.3625 0.0975 22
0.45 0.75 0.5575 23
0.375 0.6875 0.575 23
0.4125 0.6625 0.6 23
0.4625 0.8625 0.8175 24
0.45 0.8375 0.81 24
0.15 0.375 0.105 25
0.225 0.35 0.055 25
0.2 0.35 0.0475 25
0.2125 0.35 0.0725 25
0.7375 0.125 0.36 26
0.7375 0.125 0.35 26
0.7625 0.05 0.2575 26
0.7375 0.1 0.3275 26
0.4125 0.6375 0.84 27
0.4125 0.6875 0.8575 27
0.425 0.6375 0.8175 27
0.7125 0.075 0.3725 28
0.7 0.075 0.3525 28
0.7125 0.0125 0.36 28
0.725 0.0375 0.34 28
0.6875 0.075 0.3575 28
0.725 0.0375 0.35 28
0.7 0.0875 0.35 28
0.875 0.05 0.3225 29
0.8375 0.025 0.3525 29
0.7875 0.025 0.3175 29
0.875 0.0125 0.3175 29
0.85 0.0 0.3425 29
0.825 0.05 0.3075 29
0.85 0.0 0.3325 29
0.8 0.025 0.265 29
0.475 0.6375 0.7175 30
0.4625 0.6625 0.725 30
0.45 0.625 0.7375 30
0.375 0.725 0.73 30
