0.7375 0.125 0.35 1
0.0375 0.4 0.065 2
0.625 0.025 0.355 3
0.4625 0.7125 0.5425 4
0.0875 0.4375 0.0675 5
0.45 0.8375 0.81 6
0.0875 0.35 0.0025 7
0.0625 0.5 0.075 8
0.15 0.375 0.105 9
0.4125 0.6875 0.8575 10
0.2125 0.35 0.0725 11
0.4625 0.7625 0.62 12
0.7125 0.075 0.3725 13
0.0625 0.2875 0.02 14
0.05 0.3875 0.1125 15
0.4875 0.7875 0.575 16
0.0125 0.4 0.0675 17
0.4125 0.6625 0.6 18
0.2 0.35 0.0475 19
0.7 0.0875 0.35 20
0.4625 0.8125 0.535 21
0.65 0.075 0.275 22
0.475 0.6375 0.7175 23
0.0375 0.375 0.0425 24
0.7625 0.05 0.2575 25
0.6625 0.0875 0.31 26
0.475 0.75 0.81 27
0.5 0.8625 0.8425 28
0.225 0.35 0.055 29
0.375 0.725 0.73 30
0.4375 0.85 0.615 31
0.8125 0.0875 0.2875 32
0.375 0.6875 0.575 33
0.4875 0.75 0.65 34
0.4625 0.6625 0.725 35
0.6375 0.0375 0.305 36
0.85 0.0 0.3325 37
0.225 0.3125 0.0975 38
0.075 0.25 0.1175 39
0.1375 0.4375 0.0575 40
0.4625 0.8625 0.8175 41
0.625 0.125 0.2825 42
0.7125 0.0125 0.36 43
0.0375 0.4625 0.105 44
0.125 0.35 0.0075 45
0.725 0.0375 0.35 46
0.875 0.0125 0.3175 47
0.8 0.1125 0.3625 48
0.3875 0.8125 0.8275 49
0.4 0.825 0.575 50
0.4125 0.6375 0.84 51
0.1375 0.2625 0.0575 52
0.675 0.125 0.335 53
0.05 0.3625 0.0975 54
0.4125 0.8125 0.8725 55
0.1875 0.25 0.04 56
0.7375 0.1 0.3275 57
0.2375 0.475 0.025 58
0.8375 0.025 0.3525 59
0.05 0.4625 0.02 60
0.5 0.875 0.515 61
0.5 0.725 0.6925 62
0.7 0.075 0.3525 63
0.425 0.775 0.805 64
0.875 0.075 0.3125 65
0.1125 0.4875 0.07 66
0.025 0.3 0.08 67
0.075 0.3 0.0775 68
0.725 0.0375 0.34 69
0.4625 0.65 0.57 70
0.475 0.725 0.705 71
0.4875 0.7 0.5425 72
0.0875 0.45 0.09 73
0.2 0.4125 0.0975 74
0.7875 0.025 0.3175 75
0.4875 0.7375 0.605 76
0.1 0.35 0.0525 77
0.6375 0.1125 0.3275 78
0.825 0.05 0.3075 79
0.6625 0.0375 0.375 80
0.875 0.05 0.3225 81
0.725 0.1125 0.2575 82
0.05 0.25 0.0525 83
0.2 0.2625 0.04 84
0.45 0.8125 0.77 85
0.45 0.625 0.7375 86
0.3875 0.8125 0.54 87
0.6875 0.075 0.3575 88
0.85 0.0 0.3425 89
0.475 0.775 0.6925 90
0.8 0.025 0.265 91
0.675 0.0625 0.2525 92
0.6625 0.1 0.2875 93
0.05 0.275 0.02 94
0.7875 0.125 0.33 95
0.05 0.375 0.07 96
0.7375 0.125 0.36 97
0.0625 0.425 0.0825 98
0.425 0.6375 0.8175 99
0.45 0.75 0.5575 100
