38.0 45.0 53.9 1
25.0 43.0 50.8 2
26.0 40.0 54.7 2
24.0 42.0 50.8 2
29.0 59.0 52.8 3
27.0 56.0 53.6 3
25.0 60.0 53.0 3
31.0 55.0 52.3 3
27.0 55.0 52.7 3
79.0 30.0 64.4 4
79.0 30.0 64.0 4
79.0 28.0 63.1 4
90.0 24.0 62.9 5
90.0 26.0 62.5 5
71.0 23.0 62.2 6
70.0 22.0 64.2 6
78.0 23.0 63.6 7
78.0 23.0 64.0 7
58.0 78.0 78.2 8
22.0 44.0 53.2 9
26.0 44.0 53.1 9
58.0 80.0 82.4 10
23.0 52.0 52.6 11
21.0 52.0 52.7 11
53.0 71.0 83.6 12
53.0 75.0 84.3 12
54.0 71.0 82.7 12
38.0 48.0 52.2 13
36.0 48.0 51.9 13
36.0 53.0 53.9 13
37.0 48.0 52.9 13
59.0 83.0 73.0 14
31.0 41.0 52.3 15
77.0 26.0 64.9 16
76.0 27.0 64.0 17
77.0 21.0 64.4 19
73.0 23.0 65.0 19
57.0 72.0 72.8 20
60.0 89.0 83.7 21
23.0 57.0 54.2 22
25.0 54.0 53.3 22
24.0 57.0 50.8 22
50.0 75.0 73.0 23
53.0 73.0 74.0 23
56.0 85.0 80.8 24
57.0 89.0 82.7 24
56.0 87.0 82.4 24
84.0 29.0 64.5 25
85.0 27.0 61.5 25
83.0 30.0 63.2 25
36.0 41.0 51.6 26
35.0 40.0 51.6 26
55.0 88.0 74.6 27
51.0 85.0 71.6 27
52.0 86.0 73.0 27
70.0 30.0 61.3 28
73.0 28.0 61.5 28
73.0 27.0 62.4 28
71.0 29.0 63.1 28
74.0 30.0 63.4 28
54.0 82.0 82.2 29
50.0 78.0 79.2 30
72.0 26.0 61.0 31
74.0 25.0 60.1 31
83.0 22.0 62.7 32
86.0 24.0 62.3 32
84.0 22.0 60.6 32
81.0 24.0 60.3 32
60.0 90.0 70.6 33
60.0 78.0 77.7 34
57.0 81.0 74.8 35
87.0 22.0 64.1 36
90.0 21.0 62.7 36
88.0 20.0 63.7 36
88.0 20.0 63.3 36
57.0 77.0 71.7 37
59.0 76.0 71.7 37
32.0 50.0 54.2 38
27.0 48.0 50.1 38
28.0 48.0 52.1 38
23.0 50.0 51.7 39
24.0 51.0 54.5 39
24.0 50.0 52.8 39
24.0 49.0 53.9 39
76.0 26.0 64.1 40
75.0 26.0 64.3 40
56.0 80.0 72.3 41
57.0 85.0 71.4 41
58.0 71.0 78.7 42
57.0 73.0 79.0 42
56.0 70.0 79.5 42
78.0 29.0 60.3 43
51.0 85.0 83.1 44
53.0 85.0 84.9 44
30.0 48.0 50.3 47
24.0 40.0 52.1 48
59.0 79.0 74.2 50
59.0 80.0 76.0 50
58.0 82.0 77.7 51
39.0 58.0 51.0 52
