40 256 2

0000000000000000
0000000000000000
0000000000000000
0000000000000000
0000000000000000
0000011100000000
0000000110000000
0000000110000000
0000000110000000
0000000110000000
0000000110000000
0000001111110000
0000000000000000
0000000000000000
0000000000000000
0000000000000000

one

0000000000000000
0000000000000000
0000000000000000
0000000000000000
0000000000000000
0000000100000000
0000000010000000
0000000010000000
0000000010000000
0000000010000000
0000000111000000
0000000000000000
0000000000000000
0000000000000000
0000000000000000
0000000000000000

one

0000000000000000
0000000000000000
0000000000000000
0000000000000000
0111111111111110
0111111111111110
0110000000000110
0110000000000110
0110000000000110
0110000000000110
0111111111111110
0111111111111110
0000000000000000
0000000000000000
0000000000000000
0000000000000000

zero

0000000000000000
0001111111111000
0001111111111100
0001111111111100
0001100000011100
0001100000001100
0001100000001100
0001100000001100
0001100000001100
0001100000001100
0001100000011100
0001110000011100
0001111111111100
0001111111111000
0000000000000000
0000000000000000

zero

0000000000000000
0000000000000000
0000000000000000
0111111111111000
1111111111111100
1111000000111100
0111000000001110
0111000000001110
0111000000001110
0111000000001110
0111100000011110
0011111111111111
0000000000000000
0000000000000000
0000000000000000
0000000000000000

zero

0000000000000000
0000000000000000
0000000000000000
0000000011000000
0000000001000000
0000000001000000
0000000010000000
0000000010000000
0000000010000000
0000000010000000
0000000010000000
0000000100000000
0000001110000000
0000000000000000
0000000000000000
0000000000000000

one

0000000000000000
0000000000000000
0011111111111100
0111111111111110
0111100000011110
0111000000000110
0111000000000110
0111000000000110
0111000000000110
0111000000000110
0111000000001110
0111111111111110
0111111111111110
0000000000000000
0000000000000000
0000000000000000

zero

0000000000000000
0000000000000000
0000000000000000
0000000000000000
0000000000000000
1111111111111100
0111000000001110
0111000000000110
0111000000000110
0111000000001110
0111111111111110
0000000000000000
0000000000000000
0000000000000000
0000000000000000
0000000000000000

zero

0000000000000000
0000000000000000
0000000000000000
0001111111100000
0001111111110000
0001100001110000
0001000000110000
0000100000011000
0000100000011000
0000100000011000
0000011000011100
0000011111111100
0000000000000000
0000000000000000
0000000000000000
0000000000000000

zero

0000000000000000
0000000000000000
0000000000000000
0000000000000000
0000000000000000
0000001100000000
0000000100000000
0000000010000000
0000000010000000
0000000010000000
0000000001000000
0000000011100000
0000000000000000
0000000000000000
0000000000000000
0000000000000000

one

0000000000000000
0000000000000000
0000000001100000
0000000011100000
0000000011000000
0000000011000000
0000000011000000
0000000110000000
0000000110000000
0000000110000000
0000001100000000
0000001100000000
0000011110000000
0001111110000000
0000000000000000
0000000000000000

one

0000000000000000
0001111111100000
0001111111100000
0001111111100000
0001100001100000
0001100000100000
0000110000010000
0000110000010000
0000110000010000
0000110000010000
0000110000010000
0000011000011000
0000011111111000
0000001111111000
0000000000000000
0000000000000000

zero

0000000011111110
0000001111111100
0000001111111100
0000001100001100
0000011000001000
0000011000001000
0000011000001000
0000110000010000
0000110000010000
0000110000010000
0001100000100000
0001100001100000
0001111111100000
0011111111000000
0001111111000000
0000000000000000

zero

0000000000000000
0000000000000000
0011111111111100
0011111111111100
0011100000011100
0011000000001100
0011100000001100
0011000000001100
0011000000001100
0011000000001100
0011100000001100
0011111111111100
0011111111111100
0001111111111000
0000000000000000
0000000000000000

zero

0000000000000000
0000000000000000
0000000000000000
0000000000000000
0000000000000000
0111111111111110
0111000000001110
0111000000001110
0111000000001110
0111000000001110
0111111111111110
0000000000000000
0000000000000000
0000000000000000
0000000000000000
0000000000000000

zero

0000000000000000
1111111111000000
1111111111110000
1111111111110000
1111000001110000
0110000000011000
0110000000011000
0011000000001100
0011000000001100
0011000000001100
0001110000000110
0001111111111110
0000111111111111
0000011111111110
0000000000000000
0000000000000000

zero

0000000000000000
0000000000000000
0001111111110000
0001111111110000
0001100001110000
0000110000011000
0000100000011000
0000100000011000
0000100000011000
0000100000011000
0000110000011000
0000111111111000
0000011111111100
0000011111111000
0000000000000000
0000000000000000

zero

0000000000000000
0000000000000000
0000000000000000
0000001100000000
0000001100000000
0000001100000000
0000000110000000
0000000110000000
0000000110000000
0000000110000000
0000000110000000
0000000011000000
0000000111110000
0000000000000000
0000000000000000
0000000000000000

one

0000000000000000
0000000000000000
0000000000000000
0000000000000000
0111111111111000
0111111111111100
0110000000011100
0011000000001110
0011000000001110
0011000000001110
0001111111111111
0001111111111110
0000000000000000
0000000000000000
0000000000000000
0000000000000000

zero

0000000000000000
0000000000000000
0000000000000000
0000000100000000
0000001100000000
0000001110000000
0000000111000000
0000000110000000
0000000110000000
0000000110000000
0000000110000000
0000001111100000
0000000000100000
0000000000000000
0000000000000000
0000000000000000

one

0000000000000000
0000000000000000
0001111111000000
0001111111110000
0001111111110000
0001100000110000
0001100000110000
0000110000011000
0000110000011000
0000110000011000
0000011000011100
0000011111111100
0000011111111000
0000000000000000
0000000000000000
0000000000000000

zero

0000000000000000
0000000000000000
0000000000000000
0000000000000000
0000000000000000
0000000110000000
0000000110000000
0000000110000000
0000000110000000
0000000110000000
0000000110000000
0000000000000000
0000000000000000
0000000000000000
0000000000000000
0000000000000000

one

0000000000000000
0000000000000000
0111111111100000
0111111111110000
0011000000111000
0011000000011000
0011000000011000
0001100000001100
0001100000001100
0001100000001100
0000110000001110
0000111111111110
0000111111111110
0000011111111110
0000000000100000
0000000000000000

zero

0000000000000000
0000000000010000
0000000001100000
0000000000100000
0000000000100000
0000000001000000
0000000001000000
0000000110000000
0000000010000000
0000000010000000
0000000100000000
0000000100000000
0000001000000000
0000011100000000
0000011100000000
0000000000000000

one

0000000000000000
0000000000000000
0000000000000000
0000000000000000
0000000000000000
0000000001000000
0000000010000000
0000000010000000
0000000010000000
0000000010000000
0000000111000000
0000000000000000
0000000000000000
0000000000000000
0000000000000000
0000000000000000

one

0000000000000000
0000000000000000
0000000000000000
0000000000000000
0000000011000000
0000000110000000
0000000110000000
0000000110000000
0000000110000000
0000000110000000
0000000110000000
0000001111100000
0000011110000000
0000000000000000
0000000000000000
0000000000000000

one

0000000000000000
0000000000000000
0000000000000000
0000001100000000
0000001100000000
0000001100000000
0000001100000000
0000000110000000
0000000110000000
0000000110000000
0000000011000000
0000000011000000
0000000111110000
0000000000000000
0000000000000000
0000000000000000

one

0000000000000000
0000000000000000
0000000000000000
0000000000000000
0000000110000000
0000000010000000
0000000010000000
0000000010000000
0000000010000000
0000000010000000
0000000010000000
0000000111000000
0000001111000000
0000000000000000
0000000000000000
0000000000000000

one

0000000000000000
0000000000000000
0000000110000000
0000000110000000
0000000110000000
0000000110000000
0000000110000000
0000000110000000
0000000110000000
0000000110000000
0000000110000000
0000000110000000
0000001111000000
0000001111000000
0000000000000000
0000000000000000

one

0000000000000000
0001111111110000
0011111111111000
0011111111111000
0001100000011100
0001100000001100
0001100000001100
0001100000001100
0001100000001100
0001100000001100
0001100000011100
0001111111111100
0001111111111100
0000111111111100
0000000000000000
0000000000000000

zero

0000000000000000
0000000110000000
0000001111000000
0000000110000000
0000000110000000
0000000110000000
0000000110000000
0000000110000000
0000000110000000
0000000110000000
0000000110000000
0000000110000000
0000000110000000
0000011111100000
0000011111100000
0000000000000000

one

0000000000000000
0000000000000000
0000000000000000
0000000000000000
0000000000000000
0001111111111110
0001110000001110
0011000000011100
0011000000001100
0011000000001100
0111111111111000
0000000000000000
0000000000000000
0000000000000000
0000000000000000
0000000000000000

zero

0000000000000000
0000000000000000
0000000010000000
0000000110000000
0000000110000000
0000000110000000
0000000110000000
0000000110000000
0000000110000000
0000000110000000
0000000110000000
0000000110000000
0000001111000000
0000001111000000
0000000000000000
0000000000000000

one

0000000000000000
0000000000000000
0000000010000000
0000000010000000
0000000010000000
0000000010000000
0000000010000000
0000000010000000
0000000010000000
0000000010000000
0000000010000000
0000000010000000
0000000010000000
0000000111000000
0000000000000000
0000000000000000

one

0000000000000000
0000000000000000
0011111111110000
0111111111111000
0111111111111000
0011010000001100
0011000000001100
0011000000001100
0011000000001100
0011000000001100
0011110000011100
0011111111111100
0001111111111110
0000000000000000
0000000000000000
0000000000000000

zero

0000000000000000
0000000000000000
0000000000000000
0000000010000000
0000000110000000
0000000110000000
0000000110000000
0000000110000000
0000000110000000
0000000110000000
0000000110000000
0000000110000000
0000001111000000
0000000000000000
0000000000000000
0000000000000000

one

0000000000000000
0000000000000000
0000000000000000
0000011111111000
0000011111111000
0000011000001000
0000110000010000
0000110000010000
0000110000010000
0000110000010000
0000110000110000
0001111111100000
0000111111100000
0000000000000000
0000000000000000
0000000000000000

zero

0000000000000000
0000000000000000
0000000000000000
0000000000000000
0000000110000000
0000000110000000
0000000110000000
0000000110000000
0000000110000000
0000000110000000
0000000110000000
0000011111100000
0000000001000000
0000000000000000
0000000000000000
0000000000000000

one

0000000000000000
0000000000000000
1111111111111000
1111111111111100
1111000000011110
1100000000001110
1100000000001110
1110000000000111
1110000000001111
1111000000000111
0111100100000111
0111111111111111
0011111111111111
0000000010000000
0000000000000000
0000000000000000

zero

0000000000000000
0000000000000000
0000000000000000
0000000000000000
0000000000000000
0000000110000000
0000000110000000
0000000110000000
0000000110000000
0000000110000000
0000001110000000
0000000000000000
0000000000000000
0000000000000000
0000000000000000
0000000000000000

one

