200 256 2

0000000000000000
0000000000000000
0011111111111100
0111111111111110
0111111111111110
0111000000000110
0110000000000110
0110000000000110
0110000000000110
0110000000000110
0111000000001110
0111111111111110
0111111111111110
0000000000000000
0000000000000000
0000000000000000

zero

0000000000000000
0000000000000000
0000000000000000
0000000100000000
0000001100000000
0000000010000000
0000000010000000
0000000010000000
0000000010000000
0000000010000000
0000000010000000
0000000010000000
0000000111100000
0000000000000000
0000000000000000
0000000000000000

one

0000000000000000
0000000000000000
0000000011111110
0000000111111110
0000001111111100
0000001100000100
0000011000001000
0000011000001000
0000110000010000
0001100000100000
0001100011100000
0011111111000000
0001111111000000
0000000000000000
0000000000000000
0000000000000000

zero

0000000000000000
0000000000000000
0000000000000000
0000000000000000
0000000000000000
0000000001100000
0000000011000000
0000000011000000
0000000110000000
0000001100000000
0000111111000000
0000000000000000
0000000000000000
0000000000000000
0000000000000000
0000000000000000

one

0000000000000000
0000000000000000
0000000000000000
0000000000000000
0000000001100000
0000000001000000
0000000001000000
0000000010000000
0000000010000000
0000000010000000
0000000100000000
0000001110000000
0000011100000000
0000000000000000
0000000000000000
0000000000000000

one

0000000111111111
0000011111111111
0000111111111111
0000111000000001
0001100000000001
0001100000000001
0011000000000011
0011000000000011
0110000000000110
1100000000001100
1100000000001100
1100000000111000
1111111111111000
1111111111110000
1111111111100000
0000000000000000

zero

0000000000000000
0000000000000000
1111100000000000
1111111000000000
0110001100000000
0010000010000000
0001000001000000
0000100000100000
0000010000010000
0000001000001000
0000000100001100
0000000011111110
0000000001111111
0000000000000001
0000000000000000
0000000000000000

zero

0000000000000000
0000000000000000
0000000010000000
0000000110000000
0000000110000000
0000000110000000
0000000110000000
0000000110000000
0000000110000000
0000000110000000
0000000110000000
0000000110000000
0000001111100000
0000001111000000
0000000000000000
0000000000000000

one

0000000000000000
0000000000000000
0000000000000000
0000000000000000
0000000000000000
0000000110000000
0000000110000000
0000000110000000
0000000110000000
0000000110000000
0000001111000000
0000001000000000
0000000000000000
0000000000000000
0000000000000000
0000000000000000

one

0000000000000000
0000000000000000
0000000000000000
0000001000000000
0000011000000000
0000000100000000
0000000100000000
0000000010000000
0000000010000000
0000000010000000
0000000001000000
0000000011100000
0000000001110000
0000000000000000
0000000000000000
0000000000000000

one

0000000000000000
0000111111111111
0001111111111111
0001111111111111
0011100000000111
0011000000000111
0011000000000111
0110000000000110
0110000000000110
0110000000000110
1110000000011100
1111000000111100
1111111111111100
1111111111111000
0000000000000000
0000000000000000

zero

0000000000000000
0000000000000000
0000000000000000
1111111000000000
1111111110000000
0110000011000000
0010000001100000
0001000000110000
0000110000011000
0000010000001100
0000001100001110
0000000111111111
0000000011111111
0000000000000000
0000000000000000
0000000000000000

zero

0000000000000000
0000000000000000
0000110000000000
0000011000000000
0000011000000000
0000001100000000
0000001100000000
0000000110000000
0000000110000000
0000000110000000
0000000011000000
0000000011000000
0000000001100000
0000000111111000
0000000001111000
0000000000000000

one

0000000000000000
0000000000000000
0000000000011000
0000000000110000
0000000000110000
0000000001100000
0000000011000000
0000000011000000
0000000110000000
0000001100000000
0000001100000000
0000011000000000
0000110000000000
0001111000000000
0000000000000000
0000000000000000

one

0000000000000000
0000000000000000
0000000000000000
0000000000000000
0000000000000000
0000011111111100
0000011000011100
0000110000011000
0000110000011000
0000110000011000
0001111111110000
0000000000000000
0000000000000000
0000000000000000
0000000000000000
0000000000000000

zero

0000000000000000
0000000000000000
0000000000000000
0000000000000000
1111111111100000
1111111111110000
1100000000111000
1110000000011100
0111000000001110
0011100000000111
0001111111111111
0000011111111111
0000000000000000
0000000000000000
0000000000000000
0000000000000000

zero

0000000000001111
0000000000011111
0000000000011111
0000000000110001
0000000001000011
0000000010000110
0000000100001100
0000001000011000
0000010000110000
0000100001100000
0001000011000000
0011000110000000
0111111100000000
1111111000000000
1111100000000000
0000000000000000

zero

0000000000000000
0000000000000000
0001000000000000
0001100000000000
0000010000000000
0000010000000000
0000001000000000
0000000100000000
0000000010000000
0000000001000000
0000000000100000
0000000000010000
0000000000111000
0000000000011100
0000000000000000
0000000000000000

one

0000000000000000
0000000000000000
0000000000000100
0000000000011000
0000000000010000
0000000000100000
0000000001100000
0000000011000000
0000000010000000
0000000100000000
0000001000000000
0000001000000000
0001111000000000
0011110000000000
0000000000000000
0000000000000000

one

0000000000000000
0000000000000000
0000000000000000
0000001100000000
0000011100000000
0000001100000000
0000001100000000
0000000110000000
0000000110000000
0000000110000000
0000000111000000
0000000011000000
0000000111110000
0000000000000000
0000000000000000
0000000000000000

one

0000000000000000
0000000000000000
0000000000000000
0000000000000000
0000000011111111
0000000110000111
0000001000000110
0000010000001100
0000100000011000
0001000000110000
0011111111100000
0111111111000000
0000000000000000
0000000000000000
0000000000000000
0000000000000000

zero

0000000000000000
1111111000000000
1111111110000000
1111111110000000
0110000011000000
0011000001100000
0001100000110000
0001100000110000
0000110000011000
0000011000001100
0000011000001100
0000001100001110
0000000111111111
0000000011111111
0000000000000000
0000000000000000

zero

0000000000000000
0000000000000000
0000000000000000
0000011111111110
0000111111111111
0001110000001110
0001110000000110
0011100000001100
0011100000001100
0011100000001100
0111000000111000
0111111111111000
0111111111100000
0000000000000000
0000000000000000
0000000000000000

zero

0000000000000000
0111111100000000
1111111100000000
0111111110000000
0011000011000000
0011000001000000
0001100000100000
0001100000100000
0000110000010000
0000011000001000
0000011000001000
0000001111111100
0000001111111100
0000000011111110
0000000000000000
0000000000000000

zero

0000000000000000
0000001100000000
0000011100000000
0000001100000000
0000001100000000
0000001100000000
0000000110000000
0000000110000000
0000000111000000
0000000110000000
0000000110000000
0000000011000000
0000000011000000
0000001111110000
0000001111110000
0000000000000000

one

0000000000000000
0000000000000000
0000000000000000
0000000000000000
0000000001100000
0000000011000000
0000000011000000
0000000110000000
0000000110000000
0000000110000000
0000001100000000
0000011110000000
0000000000000000
0000000000000000
0000000000000000
0000000000000000

one

0000000000000000
0000000000000000
0000000010000000
0000000110000000
0000000110000000
0000000110000000
0000000110000000
0000000110000000
0000000110000000
0000000110000000
0000000110000000
0000000110000000
0000001111000000
0000000000000000
0000000000000000
0000000000000000

one

0000000000000000
0000000000000000
0000000000000000
0000001111111111
0000011111111111
0000110000000011
0000110000000011
0001100000000111
0011000000001110
0110000000011100
1110000101111000
1111111111111000
1111111111100000
0100000000000000
0000000000000000
0000000000000000

zero

0000000000000000
0000000000000000
0000000000000000
0000000000000000
0111111110000000
0111111111100000
0011000000110000
0011000000110000
0001100000011000
0000110000001100
0000111111111100
0000001111111100
0000000000000000
0000000000000000
0000000000000000
0000000000000000

zero

0000000000000000
0000000000000000
0000001100000000
0000001100000000
0000000010000000
0000000010000000
0000000010000000
0000000010000000
0000000010000000
0000000010000000
0000000010000000
0000000010000000
0000000110000000
0000000111100000
0000000000000000
0000000000000000

one

0000000000000000
0000000000000000
0000000000000000
0000000000000000
0000000000000000
1111111111111100
1000000000011100
1100000000001110
1110000000000111
0111000000000011
0011111111111111
0001111111111111
0000000000000000
0000000000000000
0000000000000000
0000000000000000

zero

0000000000000000
0000000000000000
0000000000000000
0000000000000000
0000000000000000
0000000011000000
0000000011000000
0000000110000000
0000000110000000
0000000110000000
0000001100000000
0000011110000000
0000000000000000
0000000000000000
0000000000000000
0000000000000000

one

0000000000000000
0000011111111110
0000011111111111
0000011100000111
0000110000000110
0000110000000110
0000110000000110
0001100000001100
0001100000001100
0001100000001100
0011000000011000
0011000000111000
0011111111111000
0111111111110000
0111111111100000
0000000000000000

zero

0000000000000000
0000000000000000
0000000000001100
0000000000111000
0000000000110000
0000000000110000
0000000001100000
0000000011000000
0000000110000000
0000001100000000
0000011000000000
0000110000000000
0011111110000000
0111111000000000
0000000000000000
0000000000000000

one

0000000011111110
0000001111111100
0000001111111100
0000001100001100
0000011000001000
0000011000001000
0000011000001000
0000110000010000
0000110000010000
0000110000010000
0001100000100000
0001100001100000
0001111111100000
0011111111000000
0001111111000000
0000000000000000

zero

0111111111100000
1111111111110000
1111111111110000
1110000001110000
0111000000011000
0110000000011000
0110000000011000
0011000000001100
0011000000001100
0011000000001100
0001100000000110
0001110000001110
0001111111111110
0000111111111111
0000011111111110
0000000000000000

zero

0000000000000000
0000000001000000
0000000011000000
0000000001000000
0000000010000000
0000000010000000
0000000010000000
0000000010000000
0000000010000000
0000000010000000
0000000010000000
0000000010000000
0000000010000000
0000001110000000
0000001110000000
0000000000000000

one

0000000000000000
1111111111111100
1111111111111100
1111000000111100
0111000000001110
0111000000000110
0110000000000110
0110000000000110
0110000000000110
0110000000000110
0110000000000110
0111000000001110
0111111111111110
0011111111111111
0000000000000000
0000000000000000

zero

0000000000000000
0000000000001100
0000000000011000
0000000000110000
0000000000110000
0000000001100000
0000000011000000
0000000011000000
0000000110000000
0000001100000000
0000001100000000
0000011000000000
0000110000000000
0001111000000000
0011110000000000
0000000000000000

one

0000000000000000
0000000000000000
0000000000000000
0000000000000000
0000000000010000
0000000001100000
0000000001100000
0000000011000000
0000000110000000
0000001100000000
0000011000000000
0000111110000000
0000000000000000
0000000000000000
0000000000000000
0000000000000000

one

0000000000000000
0000000000000000
0000000000000000
0000000000000000
0000000000000000
0011111111100000
0011000001100000
0001000000110000
0000100000011000
0000011000001100
0000001111111110
0000000000000000
0000000000000000
0000000000000000
0000000000000000
0000000000000000

zero

0000000000000000
1111110000000000
1111111000000000
0110001100000000
0010000110000000
0001000011000000
0001000011000000
0000100001100000
0000010000110000
0000001000011000
0000000100001100
0000000110001100
0000000011111110
0000000001111110
0000000000000000
0000000000000000

zero

0000000000000000
0000000000000000
0000000000000000
0000000111111111
0000011111111111
0000111000000111
0001100000000110
0001100000000110
0011000000001100
0110000000011000
0111001000111000
1111111111110000
1111111111000000
0000000000000000
0000000000000000
0000000000000000

zero

0000000000000000
0000000000000000
0000100000000000
0000110000000000
0000010000000000
0000001000000000
0000000100000000
0000000100000000
0000000010000000
0000000001000000
0000000001000000
0000000000100000
0000000000111000
0000000001111000
0000000000000000
0000000000000000

one

0000000000000000
0000000000000000
0000000000000000
0000000000000000
0000000000000000
0000000010000000
0000000010000000
0000000010000000
0000000010000000
0000000010000000
0000001111000000
0000000000000000
0000000000000000
0000000000000000
0000000000000000
0000000000000000

one

0000000000000000
0000000000000000
0000000000000000
0000000000000000
0000000000001000
0000000000110000
0000000001100000
0000000001000000
0000000010000000
0000000100000000
0000001000000000
0001111000000000
0000000000000000
0000000000000000
0000000000000000
0000000000000000

one

0000000000000000
0000000000000000
0000010000000000
0000110000000000
0000001000000000
0000001000000000
0000000100000000
0000000100000000
0000000010000000
0000000011000000
0000000001000000
0000000000100000
0000000001110000
0000000001111000
0000000000000000
0000000000000000

one

0000000000000000
0000000000000000
0000000000000000
0000000000000000
1111111111111111
1111000000001111
1110000000000111
1110000000000111
1110000000000111
1110000000000111
1111111111111111
0111111111111110
0000000000000000
0000000000000000
0000000000000000
0000000000000000

zero

0000000000000000
0000000000000000
0000000000000000
0000000010000000
0000000110000000
0000000110000000
0000000110000000
0000000110000000
0000000110000000
0000000110000000
0000000110000000
0000000110000000
0000001111000000
0000000000000000
0000000000000000
0000000000000000

one

0000000000000000
0000000000000110
0000000000011100
0000000000011000
0000000000110000
0000000000110000
0000000001100000
0000000011000000
0000000110000000
0000011100000000
0000011000000000
0000110000000000
0000110000000000
0111111000000000
1111110000000000
0000000000000000

one

0000000000000000
0000000000000000
0000000000000000
0000000000000000
0000000000000000
0000001000000000
0000001100000000
0000000100000000
0000000010000000
0000000001000000
0000000111100000
0000000000000000
0000000000000000
0000000000000000
0000000000000000
0000000000000000

one

0000000000000000
0000000000000000
0000100000000000
0000110000000000
0000001000000000
0000001000000000
0000000100000000
0000000100000000
0000000010000000
0000000001000000
0000000001000000
0000000000100000
0000000011110000
0000000001111000
0000000000000000
0000000000000000

one

0000000000000000
0000000000000000
0000110000000000
0000110000000000
0000011000000000
0000011000000000
0000001100000000
0000001100000000
0000000110000000
0000000011000000
0000000011000000
0000000001100000
0000000001100000
0000000001111000
0000000000000000
0000000000000000

one

0000000000000000
0000000000000000
0000000000000000
0000000000000000
0000000000000000
0000000110000000
0000000010000000
0000000010000000
0000000010000000
0000000010000000
0000000010000000
0000000111000000
0000000000000000
0000000000000000
0000000000000000
0000000000000000

one

0000000000000000
0000000000000000
0000000000000000
0000001000000000
0000011000000000
0000000100000000
0000000100000000
0000000010000000
0000000010000000
0000000010000000
0000000001000000
0000000001000000
0000000001110000
0000000000000000
0000000000000000
0000000000000000

one

0000000000000000
0000000000000000
0000000111111111
0000011111111111
0000111100001011
0001110000000011
0001110000000011
0011100000000111
0111000000001110
1110000000011100
1110000000111000
1111111111111000
1111111111110000
0000011000000000
0000000000000000
0000000000000000

zero

0000000000000000
0000000000000000
0000000000000000
0000000000000000
0000000000000000
0000000000010000
0000000000100000
0000000001000000
0000000010000000
0000000100000000
0000011100000000
0000000000000000
0000000000000000
0000000000000000
0000000000000000
0000000000000000

one

0000000000000000
0000000110000000
0000001110000000
0000000110000000
0000000110000000
0000000110000000
0000000110000000
0000000110000000
0000000110000000
0000000110000000
0000000110000000
0000000110000000
0000000110000000
0000001111100000
0000001111100000
0000000000000000

one

0000000000000000
0000000000000000
0000000000000000
0001111111111110
0011111111111111
0111000000001110
0111000000000110
0111000000000110
0111000000000110
0111000000001110
0111100000001110
0111111111111110
0111111111111000
0000000000000000
0000000000000000
0000000000000000

zero

0000000000000000
0000000000000000
0000000000000000
0000001111111000
0000001111111000
0000001000011000
0000010000010000
0000010000010000
0000010000010000
0000010000010000
0000010000110000
0000111111100000
0000111111000000
0000000000000000
0000000000000000
0000000000000000

zero

0000000000000000
0000000000000000
0000000110000000
0000000110000000
0000000110000000
0000000110000000
0000000110000000
0000000110000000
0000000110000000
0000000110000000
0000000110000000
0000000110000000
0000001111000000
0000001111000000
0000000000000000
0000000000000000

one

0000000000000000
0000000000000000
1111111111000000
1111111111100000
1110000011110000
1100000000110000
0110000000011000
0110000000011000
0011000000001100
0001100000000110
0001110000000110
0000111111111111
0000111111111111
0000011111111111
0000000000000000
0000000000000000

zero

0000000011111100
0000000011111110
0000000111111100
0000000110001100
0000001000011000
0000001000011000
0000001000011000
0000010000110000
0000010000110000
0000010000110000
0000100001100000
0000110001100000
0000111111100000
0001111111000000
0001111110000000
0000000000000000

zero

0000000000000000
0000000000000000
0000000000000000
1111111110000000
1111111111100000
0110000001110000
0110000000110000
0011000000011000
0001100000001100
0000110000000110
0000011100000111
0000011111111111
0000000000000000
0000000000000000
0000000000000000
0000000000000000

zero

0000000000000000
0000000000000000
0000000000000000
0000000000000000
0000001111111110
0000111111111100
0000110000001100
0001100000011000
0001100000011000
0001100000011000
0011111111110000
0001111111110000
0000000000000000
0000000000000000
0000000000000000
0000000000000000

zero

0000000000000000
0000000000000000
0000000000000000
0000010000000000
0000110000000000
0000001000000000
0000000100000000
0000000100000000
0000000010000000
0000000001000000
0000000001000000
0000000001110000
0000000001111000
0000000000000000
0000000000000000
0000000000000000

one

0000000000000000
0000000000000000
0000111111111111
0011111111111111
0011111111111111
0011100000000111
0011100000000111
0111000000001110
0111000000001110
0111000000001110
1110000000011100
1111111111111100
0111111111111100
0000000000000000
0000000000000000
0000000000000000

zero

0000000000000000
0000000000000000
0000000000000000
0000000000000000
0001111111111000
0011111111111100
0011100000001100
0011100000001100
0011100000001100
0011100000001100
0011111111111100
0001111111111000
0000000000000000
0000000000000000
0000000000000000
0000000000000000

zero

0000000000000000
0001111111110000
0011111111110000
0011100000110000
0011000000110000
0011000000110000
0001100000011000
0001100000011000
0001100000011000
0001100000011000
0001110000011000
0000111000001100
0000111111111100
0000111111111100
0000011111111000
0000000000000000

zero

0000000000000000
0000000000000000
0000000000000010
0000000000001100
0000000000001000
0000000000010000
0000000000100000
0000000001000000
0000000010000000
0000000100000000
0000001000000000
0000010000000000
0001110000000000
0011100000000000
0000000000000000
0000000000000000

one

0000000000000000
0000000000000000
0000000000000000
0000000000000000
0000000110000000
0000000010000000
0000000010000000
0000000010000000
0000000010000000
0000000010000000
0000000010000000
0000000111000000
0000000111000000
0000000000000000
0000000000000000
0000000000000000

one

0000000000000000
0000000000000000
0000000000000000
0000011111111000
0000111111111100
0000111000001100
0000110000001100
0001100000011000
0001100000011000
0001100000011000
0011100000110000
0011111111110000
0000000000000000
0000000000000000
0000000000000000
0000000000000000

zero

0000000000000000
0000000000000000
0000000000000000
0000000000000000
1111111111100000
1110000111110000
1100000000110000
0110000000011000
0011000000001100
0001100000000110
0000111111111111
0000111111111111
0000000000000000
0000000000000000
0000000000000000
0000000000000000

zero

0000000000000000
0000000000000000
0000000000000000
0001111111111000
0001111111111100
0001100000011100
0001100000001100
0001100000001100
0001100000001100
0001100000001100
0001100000011100
0001111111111100
0001111111111000
0000000000000000
0000000000000000
0000000000000000

zero

0000000000000000
0000000000000000
0000000000000000
0000000000000000
0000000000001000
0000000000010000
0000000000100000
0000000001000000
0000000010000000
0000000100000000
0000001100000000
0000111000000000
0000000000000000
0000000000000000
0000000000000000
0000000000000000

one

0000000000000000
0000000000000000
0000000000000000
0000000000000000
0000110000000000
0000011000000000
0000001100000000
0000001100000000
0000000110000000
0000000011000000
0000000011000000
0000000011110000
0000000000000000
0000000000000000
0000000000000000
0000000000000000

one

0000000000000000
0000000000011111
0000000001111111
0000000001111111
0000000011000011
0000000110000010
0000001100000100
0000011000001000
0000110000010000
0001100000100000
0011000001000000
0111000110000000
1111111100000000
1111111000000000
0000000000000000
0000000000000000

zero

0000000000000000
0000000000000000
0000000000000000
0000000111111111
0000001111111111
0000001100000011
0000011000000110
0000110000001100
0001100000011000
0011000000110000
0111000001100000
1111111111000000
0111111111000000
0000000000000000
0000000000000000
0000000000000000

zero

0000000000000000
0000000000000000
0000000000000000
0000000000000000
0000000000000000
0000000011100000
0000000011000000
0000000011000000
0000000110000000
0000001100000000
0000001100000000
0001111110000000
0000000000000000
0000000000000000
0000000000000000
0000000000000000

one

0000000000000000
0000000000000000
0000000000000000
1111111111111110
1111111111111110
1110000000000111
1110000000000111
1110000000000111
1110000000000111
1110000000000111
1111000000001111
1111111111111111
0011111111111111
0000000000000000
0000000000000000
0000000000000000

zero

0000000000000000
0000000000000000
0000000000000110
0000000000000100
0000000000001000
0000000000010000
0000000000100000
0000000001000000
0000000110000000
0000000100000000
0000001000000000
0000010000000000
0000100000000000
0011100000000000
0111000000000000
0000000000000000

one

0011111111111000
0111111111111000
0111111111111000
0111000000111000
0110000000011000
0011000000001100
0011000000001100
0011000000001100
0011000000001100
0011000000001100
0011000000001100
0011100000011100
0001111111111110
0001111111111110
0000111111111110
0000000000000100

zero

0000000011111110
0000000111111110
0000001111111100
0000001100001100
0000011000001000
0000011000001000
0000011000001000
0000110000010000
0000110000010000
0000110000010000
0001100000100000
0001100001100000
0001111111100000
0011111111000000
0001111111000000
0000000000000000

zero

0000000000000000
0000000000000000
0000010000000000
0000011000000000
0000011000000000
0000001100000000
0000001100000000
0000000110000000
0000000110000000
0000000110000000
0000000011000000
0000000011000000
0000000011111000
0000000011110000
0000000000000000
0000000000000000

one

0000000000000000
0000000000000000
0000000000000000
0000000000000000
0000000000000000
0000000111000000
0000000011000000
0000000110000000
0000000110000000
0000000110000000
0000001100000000
0000011111000000
0000000000000000
0000000000000000
0000000000000000
0000000000000000

one

0000000000000000
0000000000000000
0000000000001000
0000000000011000
0000000000010000
0000000000100000
0000000001000000
0000000001000000
0000000010000000
0000000100000000
0000000100000000
0000001000000000
0001111000000000
0011110000000000
0000000000000000
0000000000000000

one

0000000000000000
0000000000001000
0000000000011000
0000000000010000
0000000000100000
0000000000100000
0000000001000000
0000000001000000
0000000010000000
0000000100000000
0000000100000000
0000001000000000
0000001000000000
0001111000000000
0001110000000000
0000000000000000

one

0000000000000000
0000000001111111
0000000111111111
0000001111111111
0000001100000011
0000011000000110
0000110000001100
0000110000001100
0001100000011000
0011000000110000
0011000000110000
0111000011100000
1111111111000000
1111111111000000
0000000000000000
0000000000000000

zero

0000000000000000
0000000000000000
0000000000000000
0000000000000000
0000011000000000
0000011000000000
0000001100000000
0000001100000000
0000000110000000
0000000011000000
0000000011000000
0000000011111000
0000000000000000
0000000000000000
0000000000000000
0000000000000000

one

0000000000000000
0000000000000000
0000000000000000
0000000000000000
0000000000000000
0000011000000000
0000001110000000
0000001100000000
0000000110000000
0000000011000000
0000000011000000
0000000011110000
0000000000000000
0000000000000000
0000000000000000
0000000000000000

one

0000000000000000
0000000000000000
0000000000000000
0000000000000000
0000000000000000
0000000001100000
0000000001000000
0000000001000000
0000000010000000
0000000100000000
0000000100000000
0000011100000000
0000000000000000
0000000000000000
0000000000000000
0000000000000000

one

0000000000000000
0000000000000000
0000000000000000
0000011000000000
0000111000000000
0000001100000000
0000001100000000
0000000110000000
0000000110000000
0000000110000000
0000000011000000
0000000011000000
0000000111111000
0000000000000000
0000000000000000
0000000000000000

one

0000000000000000
0000000000000000
0000000000000000
0000000000000000
0000011111110000
0000111111110000
0000110000010000
0000110000010000
0000110000010000
0000110000010000
0000111111110000
0000011111110000
0000000000000000
0000000000000000
0000000000000000
0000000000000000

zero

0000000000000000
0000000000001000
0000000000011000
0000000000110000
0000000000110000
0000000001100000
0000000011000000
0000000011000000
0000000110000000
0000001100000000
0000011100000000
0000011000000000
0000110000000000
0011111100000000
0011110000000000
0000000000000000

one

0000000000000000
0000000000000000
0000000000000000
0000001111100000
0000011111110000
0000011100110000
0000010000110000
0000010000110000
0000010000110000
0000010000110000
0000011000110000
0000011111110000
0000000000000000
0000000000000000
0000000000000000
0000000000000000

zero

0000000000000000
0000000000000000
0000110000000000
0000001000000000
0000001000000000
0000000100000000
0000000100000000
0000000010000000
0000000010000000
0000000010000000
0000000001000000
0000000001000000
0000000000100000
0000000001110000
0000000000111000
0000000000000000

one

0000000000000000
0000000000000000
0000000000000000
1111111111100000
1111111111110000
1110000001110000
0111000000011000
0111000000011000
0011100000001100
0001110000000110
0001110000001110
0000111111111111
0000011111111110
0000000000000000
0000000000000000
0000000000000000

zero

0000000000000000
0000000000000000
0000000000000000
0000000000000000
0000000000000000
0000010000000000
0000001000000000
0000000100000000
0000000010000000
0000000001000000
0000000001110000
0000000000000000
0000000000000000
0000000000000000
0000000000000000
0000000000000000

one

0000000000000000
0000000000000000
0000000000000000
0000000000000000
0011100000000000
0000110000000000
0000011000000000
0000001100000000
0000000110000000
0000000011000000
0000000001100000
0000000001111100
0000000001111110
0000000000000000
0000000000000000
0000000000000000

one

0000000000000000
0011111111110000
0011111111111000
0011111111111000
0011000000111000
0011000000011000
0001100000001100
0001100000001100
0001100000001100
0001100000001100
0001100000001100
0000111000001110
0000111111111110
0000111111111100
0000000000000000
0000000000000000

zero

0000100000000000
0000001100000000
0000011100000000
0000001100000000
0000001100000000
0000001100000000
0000000110000000
0000000110000000
0000000110000000
0000000110000000
0000000110000000
0000000011000000
0000000011000000
0000000111110000
0000000111110000
0000000000000000

one

0000000000000000
0000000000000000
0000000000000000
0000000000000000
0000011000000000
0000011000000000
0000001100000000
0000001100000000
0000000110000000
0000000011000000
0000000011000000
0000000011111000
0000000011110000
0000000000000000
0000000000000000
0000000000000000

one

0000000000000000
0000000000000000
0000000000000000
0000000000000000
0000011111111111
0000111100001011
0001110000000001
0011100000000011
0111000000000110
1110000000001100
1111111111111000
1111111111110000
0000000000000000
0000000000000000
0000000000000000
0000000000000000

zero

0000000000000000
0000000000000000
0000000000000000
0000000000000000
0000011111111110
0001111111111111
0001100000000111
0011000000001110
0011000000001110
0011000000001110
0111111111111100
0011111111111000
0000000000000000
0000000000000000
0000000000000000
0000000000000000

zero

0000000000111111
0000000001111111
0000000011111111
0000000110000111
0000000110000011
0000001100000110
0000011000001100
0000011000001100
0000110000011000
0001100000110000
0001100000110000
0011000011100000
0111111111000000
0111111110000000
0111111100000000
0000000000000000

zero

0000111111111100
0001111111111110
0001111111111110
0011100000011100
0011000000001100
0011000000001100
0011000000001100
0011000000011100
0011000000001100
0011000000001100
0011000000001100
0011100000011100
0011111111111100
0011111111111100
0011111111110000
0000000100000000

zero

0000000000000000
0000000000000000
0000000000110000
0000000001100000
0000000001100000
0000000011000000
0000000011000000
0000000110000000
0000000110000000
0000000110000000
0000001100000000
0000001100000000
0000011000000000
0001111110000000
0000000000000000
0000000000000000

one

0000000000000000
0000000000000000
0000000000000000
0000000011111110
0000000111111100
0000000100001100
0000001000011000
0000001000011000
0000010000110000
0000100001100000
0000110001100000
0001111111000000
0001111110000000
0000000000000000
0000000000000000
0000000000000000

zero

0000000000011111
0000000000111111
0000000001111111
0000000011000011
0000000110000010
0000001100000100
0000001100000100
0000011000001000
0000110000010000
0001100000100000
0011000001000000
0011000011000000
0111111110000000
1111111100000000
1111111000000000
0000000000000000

zero

0000000000000000
0000000000000000
0111111111000000
0111111111110000
0111111111110000
0011000000111000
0011000000011000
0001100000001100
0001100000001100
0001100000001100
0000110000001110
0000111111111110
0000011111111110
0000000000000001
0000000000000000
0000000000000000

zero

0000000000000000
0001111111110000
0011111111110000
0011111111110000
0011000000110000
0011000000110000
0001100000011000
0001100000011000
0001100000011000
0001100000011000
0001100000011000
0000111111111100
0000111111111100
0000011111111100
0000000000000000
0000000000000000

zero

0000000000000000
0000000000000000
0000000000000000
0000000000000000
0000010000000000
0000001000000000
0000001000000000
0000000100000000
0000000010000000
0000000001000000
0000000000100000
0000000001110000
0000000000100000
0000000000000000
0000000000000000
0000000000000000

one

0000000000000000
0000111111111100
0000111111111100
0000111000001100
0000110000001100
0000110000001100
0001100000011000
0001100000011000
0001100000011000
0001100000011000
0001100000011000
0011100000110000
0011111111110000
0011111111110000
0001111111100000
0000000000000000

zero

0000000000000000
0000000000000000
0000000000000000
0000000000000000
0000000000000000
0000000111111110
0000001100001100
0000011000001000
0000110000010000
0001100000100000
0011111111000000
0000100000000000
0000000000000000
0000000000000000
0000000000000000
0000000000000000

zero

0000000000000000
0000000000000000
0000000000000000
0000000000000000
0000000011000000
0000000011000000
0000000011000000
0000000110000000
0000000110000000
0000000110000000
0000001100000000
0000011111000000
0000000000000000
0000000000000000
0000000000000000
0000000000000000

one

0000000000000000
0000000000000000
0111111000000000
0011111110000000
0011000110000000
0001000011000000
0000100001100000
0000100001100000
0000010000110000
0000001000011000
0000001000011000
0000000111111100
0000000011111110
0000000000000000
0000000000000000
0000000000000000

zero

0000000000000000
0000000000000000
0000000000000000
0000000000000000
0000000000000000
0000000000010000
0000000001100000
0000000011000000
0000000110000000
0000001100000000
0001111110000000
0000000000000000
0000000000000000
0000000000000000
0000000000000000
0000000000000000

one

0000000000000000
0000000000000000
0000000000000000
1111111111110000
1111111111111000
1110000000011100
1110000000011100
0111000000001110
0111000000001110
0111000000001110
0011110000001111
0011111111111111
0000111111111111
0000000000000000
0000000000000000
0000000000000000

zero

0000000000000000
0000000000000000
0000000000000000
0000000000000000
0000100000000000
0000010000000000
0000001000000000
0000000100000000
0000000010000000
0000000001000000
0000000000100000
0000000000111000
0000000000000000
0000000000000000
0000000000000000
0000000000000000

one

0000000000000000
0000000000000000
0000000000001000
0000000000110000
0000000000010000
0000000000100000
0000000001000000
0000000001000000
0000000010000000
0000000100000000
0000000100000000
0000001000000000
0000111000000000
0000111000000000
0000000000000000
0000000000000000

one

0000000000000000
0000000000000000
0000000000000000
0000000000000000
0000000000000000
0000011000000000
0000001100000000
0000001100000000
0000000110000000
0000000011000000
0000000011000000
0000000011110000
0000000000000000
0000000000000000
0000000000000000
0000000000000000

one

0000000000000000
0000000000000000
1111111111111100
1111111111111110
1110000000111110
1100000000001110
1110000000000111
1110000000000111
1110000000000111
1110000000000111
1111000000001111
0111111111111111
0011111111111111
0000000000000000
0000000000000000
0000000000000000

zero

0000000000000000
0000000000000000
0011111111111100
0011111111111100
0011100000011100
0011000000001100
0011000000001100
0011000000001100
0011000000001100
0011000000001100
0011100000001100
0011111111111100
0011111111111100
0001111111111000
0000000000000000
0000000000000000

zero

0000000000111111
0000000011111111
0000000111111111
0000001110000000
0000011100000000
0000110000000000
0001100000000001
0011000000000011
0110000000000110
1100000000001100
1100000000011000
1000000001110000
1111111111100000
1111111111000000
1111111100000000
0000000000000000

zero

0000000000000000
0000000000000000
0000000000000000
0011000000000000
0001100000000000
0000110000000000
0000011000000000
0000001100000000
0000000110000000
0000000011000000
0000000001100000
0000000000110000
0000000000111100
0000000000011110
0000000000000000
0000000000000000

one

0000000000000000
0000000000000000
0000000000000000
0000001100000000
0000011100000000
0000001100000000
0000000110000000
0000000110000000
0000000110000000
0000000110000000
0000000110000000
0000000011000000
0000001111110000
0000000000000000
0000000000000000
0000000000000000

one

0000000000000000
0000000000000000
1111111110000000
1111111111000000
1000000011100000
1000000001110000
1100000000111000
1110000000011100
0111000000001110
0011100000000111
0001110000000011
0000111111111111
0000011111111111
0000000111111111
0000000000000000
0000000000000000

zero

0011111100000000
0011111110000000
0011111111000000
0011000011000000
0001100000100000
0001100000100000
0001100000100000
0000110000010000
0000110000010000
0000110000010000
0000011000001000
0000011001011000
0000011111111000
0000001111111100
0000000111111100
0000000000000000

zero

0000000000000000
0000000000000000
0000000000110000
0000000000110000
0000000001100000
0000000001100000
0000000011000000
0000000011100000
0000000110000000
0000001100000000
0000001100000000
0000011000000000
0000011100000000
0001111100000000
0000000000000000
0000000000000000

one

0000000000000000
0000000000000000
0000000000000000
0000001111111100
0000001111111100
0000011000001000
0000011000001000
0000110000010000
0000110000010000
0000110000010000
0001100001100000
0001111111100000
0001111111000000
0000000000000000
0000000000000000
0000000000000000

zero

0000000000000000
0000000000000000
0000000110000000
0000001110000000
0000000110000000
0000000110000000
0000000111000000
0000001110000000
0000000110000000
0000000110000000
0000000110000000
0000000110000000
0000001111000000
0000001111100000
0000000000000000
0000000000000000

one

0000000000000000
0000000000000000
0000000000000000
0001111111111111
0111111111111111
0111100000000111
0111000000000011
1110000000000111
1110000000000111
1110000000000111
1110000000011110
1111111111111110
1111111111111100
0000000000000000
0000000000000000
0000000000000000

zero

0000000000000000
0000000000000000
0000000000000000
1111111110000000
1111111111000000
0110000001100000
0110000001100000
0011000000110000
0001100000011000
0000110000001100
0000011100000110
0000011111111110
0000000111111111
0000000000000000
0000000000000000
0000000000000000

zero

0000000000000000
0000000000000110
0000000000011100
0000000000011000
0000000000110000
0000000000110000
0000000001100000
0000000011000000
0000000110000000
0000001100000000
0000011000000000
0000110000000000
0000110000000000
0111111000000000
1111110000000000
0000000000000000

one

0000000000000000
0000011111111110
0000111111111111
0000111111111111
0001110000001110
0001110000000110
0001110000000110
0011100000001100
0011100000001100
0011100000001100
0111000000011000
0111111111111000
0111111111111000
0111111111100000
0000000000000000
0000000000000000

zero

0000000000000000
0000000000000000
0000000000000000
0000000000000000
0000000000000000
0000001110000000
0000000110000000
0000000110000000
0000000110000000
0000000110000000
0000000110000000
0000011111100000
0000000000000000
0000000000000000
0000000000000000
0000000000000000

one

0000000000000000
0000000000000000
0111111111111000
1111111111111100
1111000000111100
1100000000001100
0110000000000110
0110000000000110
0110000000000110
0110000000000110
0111000000001110
0011111111111111
0011111111111111
0000000000000000
0000000000000000
0000000000000000

zero

0000000000000000
0000111111111111
0000111111111111
0001111111111111
0001110000000011
0011100000000011
0011100000000011
0111000000000110
0111000000000110
0111000000000110
1110000000011100
1111111111111100
1111111111111000
1111111111110000
0000000000000000
0000000000000000

zero

0000000000000000
0000000000000000
0000000000000000
0000001000000000
0000000100000000
0000000100000000
0000000100000000
0000000010000000
0000000010000000
0000000010000000
0000000001000000
0000000001000000
0000000011100000
0000000000000000
0000000000000000
0000000000000000

one

0000000000000000
0000111111111000
0001111111111000
0001111111111000
0001100000111000
0001100000011000
0001100000011000
0001100000011000
0001100000011000
0001100000011000
0001100000011000
0001110000111000
0001111111111000
0000111111111000
0000000000000000
0000000000000000

zero

0000000000000000
0000000000000000
1111111110000000
1111111110000000
1000000111000000
1000000001100000
1100000000110000
0110000000011000
0011000000001100
0001100000000110
0000111000000011
0000011111111111
0000001111111111
0000000011111111
0000000000000000
0000000000000000

zero

0000000000000000
0000000000000000
0000100000000000
0000100000000000
0000010000000000
0000001000000000
0000000100000000
0000000100000000
0000000010000000
0000000011000000
0000000001000000
0000000001100000
0000000000010000
0000000000011100
0000000000000000
0000000000000000

one

0000000000000000
0000000000000000
0000000000000000
0000000000000000
0000000000100000
0000000001100000
0000000001000000
0000000001000000
0000000010000000
0000000100000000
0000000100000000
0000111100000000
0000000000000000
0000000000000000
0000000000000000
0000000000000000

one

0000000000000000
0000000000000000
0000000000010000
0000000000100000
0000000000100000
0000000001000000
0000000001000000
0000000010000000
0000000010000000
0000000010000000
0000000100000000
0000000100000000
0000001000000000
0000011100000000
0000000000000000
0000000000000000

one

0000000000000000
0000000000000000
0000000000000000
0000000000000000
0000000000000000
0000001000000000
0000001000000000
0000000100000000
0000000010000000
0000000001000000
0000000000100000
0000000000000000
0000000000000000
0000000000000000
0000000000000000
0000000000000000

one

0000000000000000
0000000000000000
0000000000011000
0000000000110000
0000000000110000
0000000001100000
0000000011000000
0000000011000000
0000000110000000
0000001100000000
0000001100000000
0000011000000000
0001111000000000
0001111000000000
0000000000000000
0000000000000000

one

0000000000000000
0000000000000000
0000000000000000
0000000000000000
0000000000000000
0000000111000000
0000000011000000
0000000110000000
0000000110000000
0000000110000000
0000001100000000
0000111111000000
0000000000000000
0000000000000000
0000000000000000
0000000000000000

one

0000000000000000
0000000000000000
0000000000000000
0000000000000000
0000000000000000
0000000011000000
0000000011000000
0000000110000000
0000000110000000
0000000110000000
0000011100000000
0000011110000000
0000000000000000
0000000000000000
0000000000000000
0000000000000000

one

0000000000000000
0000000000000000
0000000000000000
0000000000000000
0000111111100000
0000110001100000
0000100000100000
0000010000010000
0000010000010000
0000010000010000
0000001100111000
0000001111111000
0000000100000000
0000000000000000
0000000000000000
0000000000000000

zero

0000000000000000
0000000000000000
0000000000000000
0000000000100000
0000000001100000
0000000001000000
0000000001000000
0000000010000000
0000000010000000
0000000010000000
0000000100000000
0000000100000000
0000111100000000
0000000000000000
0000000000000000
0000000000000000

one

0000000000000000
0000000001111111
0000000111111111
0000001111000111
0000001100000011
0000011000000110
0000110000001100
0000110000001100
0001100000011000
0011000000110000
0011000000110000
0111000011100000
1111111111000000
0111111111000000
1111111110000000
0000000000000000

zero

0000000000000000
1111111000000000
1111111110000000
1111111111000000
1100000011100000
1100000000110000
1110000000110000
0110000000011000
0011000000001100
0001100000000110
0000110000000011
0000111111111111
0000011111111111
0000000111111111
0000000000000000
0000000000000000

zero

0000000000000000
0000000111111110
0000011111111110
0000011111111110
0000110000001100
0000110000001100
0000110000001100
0001100000011000
0001100000011000
0001100000011000
0011000000110000
0011100001110000
0011111111110000
0011111111100000
0000000000000000
0000000000000000

zero

0000000000000000
0000000000000000
0000000000000000
0000000000000000
0000000000000000
0000011111110000
0000011000110000
0000010000110000
0000010000110000
0000010000110000
0000011111110000
0000000001000000
0000000000000000
0000000000000000
0000000000000000
0000000000000000

zero

0000000000000000
0000000000000000
0000000000000000
0000000000000000
0000000000000000
0000000001100000
0000000011000000
0000000011000000
0000000110000000
0000001100000000
0000001100000000
0000111100000000
0000000000000000
0000000000000000
0000000000000000
0000000000000000

one

0000000000000000
0000000000000000
0000000011111100
0000000111111100
0000000110101100
0000001000011000
0000001000011000
0000010000110000
0000010000110000
0000010000110000
0000100001100000
0000111111100000
0001111111000000
0001111110000000
0000000000000000
0000000000000000

zero

0000000000000000
0000000000111111
0000000001111111
0000000011100011
0000000110000110
0000001100000100
0000001100000100
0000011000001000
0000110000010000
0001100000100000
0011100001000000
0011000011000000
0111111110000000
0111111100000000
1111110000000000
0000000000000000

zero

0000000000000000
0000000000000000
0000000000000000
0000000000000000
1111111111110000
1111111111111000
1110000000011100
1110000000011100
0111000000001110
0011100000000111
0011111111111111
0000111111111111
0000000000000000
0000000000000000
0000000000000000
0000000000000000

zero

0000000000000000
0000000000000000
0000000000000000
0000000000000000
0000000011000000
0000000011000000
0000000110000000
0000000110000000
0000000110000000
0000000110000000
0000000110000000
0000011110000000
0000000000000000
0000000000000000
0000000000000000
0000000000000000

one

0000000000000000
0000000000000000
0000000000000000
0000000000000000
0000000000000000
0000000100000000
0000000100000000
0000000010000000
0000000010000000
0000000010000000
0000000011000000
0000000000000000
0000000000000000
0000000000000000
0000000000000000
0000000000000000

one

0000000000000000
0000000000000000
0000000000000000
0000011111111111
0001111111111111
0011110000000011
0111000000000011
0111100000000011
1110000000000111
1100000000001110
1111000000011110
1111111111111100
1111111111110000
0000000000000000
0000000000000000
0000000000000000

zero

0000000000000000
0000000000000000
0000000000000000
0000000000000000
0000000000000000
1111111111111000
1110000000011100
1100000000001100
0110000000000110
0011100000000111
0011111111111111
0000000000000000
0000000000000000
0000000000000000
0000000000000000
0000000000000000

zero

0000000000000000
0000000000000000
0000000000000000
0000000000000000
0011111111111111
0111111111111111
0111000000000011
1110000000000111
1110000000000111
1110000000001111
1111111111111110
1111111111111100
0000000000000000
0000000000000000
0000000000000000
0000000000000000

zero

0000000000000000
0000000000000000
0000000000000000
0000000000000000
0000001111111000
0000011111111000
0000011000001000
0000110000010000
0000110000010000
0000110000010000
0001111111100000
0000111111100000
0000000000000000
0000000000000000
0000000000000000
0000000000000000

zero

0000000000000000
0000000000000000
0000000000000110
0000000000001100
0000000000011000
0000000000110000
0000000001100000
0000000011000000
0000000110000000
0000001100000000
0000011000000000
0000110000000000
0011110000000000
0111110000000000
0000000000000000
0000000000000000

one

0000000000000000
0000000000000000
0000000000000000
0000000000000000
0011111111110000
0011111111111000
0001100000001100
0001100000001100
0001100000001100
0001100000001100
0001111111111100
0000111111111100
0000000000000000
0000000000000000
0000000000000000
0000000000000000

zero

0000000000000000
0000000000000000
0000000100000000
0000000110000000
0000000110000000
0000000110000000
0000000110000000
0000000110000000
0000000110000000
0000000110000000
0000000110000000
0000001110000000
0000011111100000
0000000000000000
0000000000000000
0000000000000000

one

0000000000000000
0000000000000000
0000000000000000
0000001100000000
0000000100000000
0000000100000000
0000000010000000
0000000010000000
0000000010000000
0000000010000000
0000000010000000
0000000001000000
0000000011100000
0000000011100000
0000000000000000
0000000000000000

one

0000000011111111
0000000111111111
0000001111111111
0000011100000011
0000011000000001
0000110000000011
0001100000000110
0001100000000110
0011000000001100
0110000000011000
0110000000011000
1110000001110000
1111111111100000
1111111111100000
1111111110000000
0000000000000000

zero

0000000000000000
0000000010000000
0000000110000000
0000000010000000
0000000010000000
0000000010000000
0000000010000000
0000000010000000
0000000010000000
0000000010000000
0000000010000000
0000000010000000
0000000010000000
0000000111000000
0000000111000000
0000000000000000

one

0000000000000000
0000000000000000
0000000000000000
0000000000000000
0000000110000000
0000000110000000
0000000110000000
0000000110000000
0000000110000000
0000000110000000
0000000110000000
0000001111000000
0000001111000000
0000000000000000
0000000000000000
0000000000000000

one

0000000000000000
0000000000000000
0000000000000000
0000000011111111
0000000111111111
0000001100000110
0000001000000110
0000010000001100
0000100000011000
0001000000110000
0011000011100000
0011111111100000
0111111110000000
0000000000000000
0000000000000000
0000000000000000

zero

0000000000000000
0000000000000000
0001111110000000
0000111111100000
0000110001100000
0000100000100000
0000100000100000
0000010000010000
0000010000010000
0000010000010000
0000001000011000
0000001111111000
0000001111111000
0000000000000000
0000000000000000
0000000000000000

zero

0000000000000000
0000000000000000
0000001100000000
0000001100000000
0000001100000000
0000001100000000
0000000110000000
0000000110000000
0000000110000000
0000000110000000
0000000110000000
0000000011000000
0000000111100000
0000000111110000
0000000000000000
0000000000000000

one

0000000000000000
0000000000000000
0000000000000000
0000000000000000
0000000000000000
0000000011000000
0000000011000000
0000000110000000
0000000110000000
0000000110000000
0000111111000000
0000000000000000
0000000000000000
0000000000000000
0000000000000000
0000000000000000

one

0000000000000000
0000000000000000
0000000000000000
0000110000000000
0000011000000000
0000011000000000
0000001100000000
0000001100000000
0000000110000000
0000000011000000
0000000011000000
0000000001100000
0000000011110000
0000000000000000
0000000000000000
0000000000000000

one

0000000000000000
0000000000111111
0000000011111111
0000000111000000
0000001110000000
0000011000000001
0000110000000011
0001100000000110
0011000000001100
0110000000011000
1100000000110000
1100000011100000
1111111111000000
1111111110000000
1111111000000000
0000000000000000

zero

0000000000000000
0000000000000000
1111100000000000
1111111000000000
0110001100000000
0010000110000000
0001000011000000
0000100001100000
0000010000110000
0000001000011000
0000000110001100
0000000011111110
0000000001111110
0000000000000000
0000000000000000
0000000000000000

zero

0000000000000000
1111110000000000
1111111100000000
1111111100000000
1110000110000000
1100000011000000
0110000001100000
0011000000110000
0001100000011000
0000110000001100
0000011000000110
0000001111111111
0000000111111111
0000000001111111
0000000000000000
0000000000000000

zero

0000000000000000
0000000000000000
0000000000000000
0000000010000000
0000000110000000
0000000010000000
0000000010000000
0000000010000000
0000000010000000
0000000010000000
0000000010000000
0000000110000000
0000001111000000
0000000000000000
0000000000000000
0000000000000000

one

0000000000000000
0000000000000000
0000000000000000
0000000111111111
0000001111111111
0000011000000110
0000011000000110
0000110000001100
0001100000011000
0011000000110000
0111000101100000
0111111111100000
0111111111000000
0000000000000000
0000000000000000
0000000000000000

zero

0000000000000000
0000000000000000
0000000000000000
0000000000000000
0000000000000000
0000000010000000
0000000010000000
0000000010000000
0000000010000000
0000000010000000
0000000111000000
0000000000000000
0000000000000000
0000000000000000
0000000000000000
0000000000000000

one

0000000000000000
0000000000000000
0000000000000000
0000000000000000
1111111111110000
1110000001111000
0110000000011100
0110000000011100
0011000000001110
0001100000000111
0001111111111111
0000111111111111
0000000000000000
0000000000000000
0000000000000000
0000000000000000

zero

0000000000000000
0000000010000000
0000000110000000
0000000010000000
0000000010000000
0000000010000000
0000000010000000
0000000010000000
0000000010000000
0000000010000000
0000000010000000
0000000010000000
0000000010000000
0000000111000000
0000000111000000
0000000000000000

one

0000000000000000
0000000000000000
0000000000000000
0000000000011000
0000000000110000
0000000001100000
0000000001100000
0000000011000000
0000000110000000
0000001100000000
0000011000000000
0000011000000000
0001111000000000
0000000000000000
0000000000000000
0000000000000000

one

0000000000000000
0000000110000000
0000001110000000
0000000110000000
0000000110000000
0000000110000000
0000000110000000
0000000110000000
0000000110000000
0000000110000000
0000000110000000
0000000110000000
0000010110000000
0000011111100000
0000011111100000
0000000000000000

one

0000000000000000
0000000000100000
0000000001100000
0000000000100000
0000000001000000
0000000001000000
0000000001000000
0000000010000000
0000000010000000
0000000010000000
0000000100000000
0000000100000000
0000000100000000
0000011100000000
0000011100000000
0000000000000000

one

0000000000000000
0000000000000000
0000000000000000
0000000000000000
0000001111111000
0000111111110000
0000110000010000
0000110000010000
0000110000010000
0000110000010000
0000111111110000
0000011111110000
0000000000000000
0000000000000000
0000000000000000
0000000000000000

zero

0000000000000000
0000000000000000
0000000000000000
0111111111100000
0111111111111000
0111000000111000
0111000000011000
0011100000001100
0011100000001100
0011100000001100
0001110000001110
0001111111111110
0000000000000000
0000000000000000
0000000000000000
0000000000000000

zero

0000000000000000
0000000000110000
0000000001110000
0000000001100000
0000000001100000
0000000011000000
0000000011000000
0000000110000000
0000000110000000
0000000110000000
0000001100000000
0000001100000000
0000011000000000
0000111110000000
0001111100000000
0000000000000000

one

0000000000000000
0000000000000000
0000000000000000
0000000000000000
0000000000000000
0000000001100000
0000000011000000
0000000011000000
0000000110000000
0000001100000000
0000001100000000
0000111100000000
0000000000000000
0000000000000000
0000000000000000
0000000000000000

one

0000000000000000
0000000000000000
0000000000000000
0111111111111000
1111111111111100
1110000000011100
0111000000001110
0111000000001110
0111000000001110
0111000000001110
0111110000011110
0011111111111111
0001111111111111
0000000000000000
0000000000000000
0000000000000000

zero

0000000000000000
0000000000000000
0000000000000000
0000000000000000
0000110000000000
0000011000000000
0000011000000000
0000001100000000
0000000110000000
0000000011000000
0000000001100000
0000000011110000
0000000001111000
0000000000000000
0000000000000000
0000000000000000

one

0000000000000000
0000000110000000
0000001110000000
0000000110000000
0000000110000000
0000000110000000
0000000110000000
0000000110000000
0000000110000000
0000000110000000
0000000110000000
0000000110000000
0000000110000000
0000011111100000
0000011111100000
0000000000000000

one

0000000000000000
1111100000000000
1111111000000000
0111111100000000
0010000110000000
0001000011000000
0001000011000000
0000100001100000
0000010000110000
0000001000011000
0000000100001100
0000000110001100
0000000011111110
0000000001111110
0000000000000000
0000000000000000

zero

0000000000000000
0000000000000000
0000000000000000
0000000000000000
0000010000000000
0000011000000000
0000011000000000
0000001100000000
0000000110000000
0000000011000000
0000000001100000
0000000011110000
0000000000000000
0000000000000000
0000000000000000
0000000000000000

one

0000000000000000
0000000000000000
0000000000000000
0000000000000000
0000100000000000
0000110000000000
0000001000000000
0000000100000000
0000000010000000
0000000001000000
0000000000100000
0000000001111000
0000000000000000
0000000000000000
0000000000000000
0000000000000000

one

1111111000000000
1111111100000000
1111111100000000
0110000110000000
0110000010000000
0011000001000000
0001100000100000
0001100000100000
0000110000010000
0000011000001000
0000011000001000
0000001100001100
0000000111111110
0000000111111110
0000000001111111
0000000000000000

zero

0000000000000000
0000000000000000
0000000000000000
0011111111000000
0111111111100000
0011100000110000
0011000000110000
0001100000011000
0001100000011000
0001100000011000
0000111000011100
0000111111111100
0000001000000000
0000000000000000
0000000000000000
0000000000000000

zero

0000000000000000
0000000000000000
1111111110000000
1111111111100000
1111111111100000
1110000000110000
0111000000011000
0111000000011000
0011100000001100
0001110000000110
0001110000001110
0000111111111111
0000001111111111
0000000000000000
0000000000000000
0000000000000000

zero

